1000000.000 0.100 1000
154815.526 158308.278 455007.637 2126.186 2249.916 396.074 10000008755659606589440.000
94506.939 562989.276 617798.351 2468.706 -795.381 -1431.907 9999999377465996738560.000
118900.411 553592.778 774630.719 3006.624 -322.417 -1505.647 9999985831455315984384.000
266079.298 300251.673 785065.302 1613.111 900.595 -1774.401 9999995860316179136512.000
472533.552 284626.881 304766.050 -308.498 1553.721 1974.513 10000016302788610883584.000
314515.621 333318.595 137397.200 846.180 1185.535 2460.916 9999997258185280847872.000
132942.690 107000.864 688127.864 1192.960 4496.480 -600.762 10000005942867652509696.000
401260.559 526666.080 407731.320 911.803 -430.302 887.699 10000011669088476594176.000
205811.785 595834.133 863228.623 1577.794 -118.083 -2564.660 9999998891437445873664.000
295013.442 863429.382 282143.582 1146.847 -2146.564 2142.441 9999996045658926612480.000
522188.873 55088.948 508437.732 175.989 3620.291 146.092 9999995065480689745920.000
493602.907 546942.757 721118.181 -105.944 -336.318 -653.856 10000004317964914393088.000
402696.270 886120.408 113090.706 138974.055 138371.039 -28358.703 9999998558303661588480.000
612310.135 922364.195 195707.763 31615.237 22770.164 110948.643 10000002204482458877952.000
754123.123 734424.526 746661.873 -1068.347 -1483.329 -1732.627 10000002648408252743680.000
884179.870 167586.743 813011.081 41256.783 -8274.920 -24673.595 10000000351162523975680.000
649153.977 539791.794 589926.853 -1236.949 -156.238 -712.449 10000006820283639922688.000
706185.162 463097.611 631888.199 -1459.020 363.398 -446.663 10000017804871447085056.000
758917.282 879200.670 666335.822 -1647.615 -1735.359 -675.607 9999988394324895203328.000
714375.237 761237.885 286805.285 -1457.567 -1980.299 1609.666 9999999818154414964736.000
183439.192 825903.891 565766.037 4136.473 5333.829 7587.291 10000014035791013478400.000
858687.560 752997.537 64589.840 -2145.505 -1222.901 2171.953 10000010746303581519872.000
848557.891 274443.867 930904.440 -1837.888 573.523 -2355.943 9999996322527873859584.000
422560.945 703650.559 638959.404 1268.614 -1386.308 -951.980 9999998183217096032256.000
592777.185 114086.542 123961.203 207.196 2062.541 2306.288 9999989864818716704768.000
358756.615 497285.053 655868.281 569.373 -35.777 -917.714 10000007600105242755072.000
651935.035 319669.554 242381.631 -1266.828 1171.991 1795.454 10000007930463207292928.000
138891.358 684953.040 435149.556 -540.846 -8767.864 -5518.078 10000006266481574674432.000
277615.474 507176.624 495121.154 1318.215 225.743 236.183 9999976869078069411840.000
271511.467 303843.916 401750.214 10675.853 4892.118 -4095.088 10000002504996388077568.000
138588.841 800805.681 840171.631 1280.000 -948.191 -1561.354 9999997540112950886400.000
47492.637 865132.994 651236.058 2512.716 -1774.947 -738.493 10000018301935868182528.000
714250.706 379528.620 78367.647 -887.430 1006.110 3140.304 10000002786813364142080.000
366230.734 392818.399 684240.182 -160.703 -1062.398 -820.595 10000024089301054652416.000
192286.939 467937.769 593381.893 1070.251 510.511 336.733 9999999642415954657280.000
485085.710 438531.550 300235.894 307.056 495.631 176.866 9999995800520652488704.000
115061.854 337568.411 151632.404 2218.442 1018.856 2114.348 9999995455959015096320.000
158520.344 211357.758 856828.040 -32112.880 15663.569 -7251.929 10000010810940364685312.000
224752.398 340379.710 529083.470 1485.114 1860.929 47.450 10000007452928243662848.000
509847.547 391238.702 287672.096 -666.146 1759.858 1605.749 10000001373736288649216.000
366271.821 738291.507 512929.598 -7454.450 9992.985 2651.329 10000007301968452124672.000
571924.894 492246.740 230016.803 -906.146 222.479 2115.980 10000002480381014048768.000
230173.856 488083.122 848660.254 2021.036 152.038 -2630.712 10000004229894340870144.000
460300.349 554445.205 236551.131 857.943 -1097.796 2375.278 9999997666817566834688.000
5446.099 718797.976 730998.309 5045.590 811.774 9034.300 9999996140020016611328.000
90971.170 419450.041 737831.639 3268.846 994.087 -1416.050 10000023888859431436288.000
124420.862 692965.228 101086.744 1987.306 -1292.319 1696.441 10000011610920165834752.000
879587.574 938088.534 34178.229 -1172.416 -1336.263 1394.830 10000003127149110231040.000
596947.308 506811.378 431861.843 -1083.107 624.476 856.618 10000008067389673439232.000
512635.173 514120.923 466816.767 -302.613 992.452 228.953 9999991319681896022016.000
454445.863 164542.458 582788.703 479.235 2229.816 -155.384 10000018637522133319680.000
482002.420 475127.623 261369.375 1253.566 -30533.685 -15115.674 9999991698695504527360.000
883750.395 272286.518 678628.004 -2167.759 1227.717 -609.536 10000002258734856273920.000
928910.752 771220.269 695574.356 -2654.265 -1369.334 -711.047 10000007022018553708544.000
389561.809 489042.987 392324.981 1047.497 1015.137 1112.649 10000012170431578505216.000
958535.104 376206.139 757937.391 -3155.971 354.060 -919.137 10000014559228083568640.000
170134.801 568974.342 247490.017 2423.280 -227.305 1444.274 9999989271678488150016.000
786494.250 701287.992 408496.873 -1774.674 -2470.712 457.885 10000010021265330929664.000
216715.694 161085.562 426931.898 1424.046 2090.981 759.165 9999986562650588839936.000
342916.035 696328.013 47543.039 256.226 -837.936 3131.529 9999998542789772050432.000
469848.244 439631.081 832475.117 406.893 762.761 -2761.028 10000010235253549432832.000
657143.932 41480.233 691343.345 8.516 -3924.381 17309.867 9999983745088752713728.000
790477.551 900026.422 916677.336 -1822.968 -1475.621 -3025.196 10000001423191171923968.000
413996.160 784633.120 372611.417 624.499 -2192.478 1099.075 9999997546592787759104.000
331209.056 623680.294 623313.199 1478.489 -1662.174 -1199.145 9999971546462792187904.000
876291.674 953789.816 405776.458 -1829.628 -2409.620 627.943 9999990212916594868224.000
243298.427 819959.414 852291.687 8971.579 -3711.446 -1682.865 10000001951925983510528.000
838557.789 120096.487 675944.129 -1859.841 2220.709 -840.497 9999997735607887462400.000
263683.302 695233.563 92618.191 1480.111 6115.358 -5643.512 9999999022070147055616.000
379016.280 890289.973 774300.879 1017.499 -2620.553 -1055.622 9999985732058504757248.000
260033.594 694625.092 94277.312 3262.268 -2552.040 4237.461 9999999022581229289472.000
388496.536 262440.230 715419.328 564.136 1891.565 -549.616 10000020802521511493632.000
396493.378 438335.057 457325.874 17929.995 -26492.984 -110864.096 9999993597635728506880.000
914094.099 343438.940 825332.444 -1779.092 248.158 -2377.705 10000006034095532408832.000
952720.791 380490.777 639236.130 -3221.971 978.067 -406.898 9999996412701295247360.000
185816.854 473956.795 603758.437 3555.776 -825.608 -1849.160 10000002175700689747968.000
956609.906 788635.685 663249.844 -3506.876 -1686.708 -104.456 9999986910059519016960.000
885090.986 206404.271 961261.567 -629.460 665.028 -3352.269 10000019622148054188032.000
757177.214 958726.061 717625.956 -1118.679 -3268.804 -1115.208 9999988584587580145664.000
412209.469 930472.783 862428.183 443.634 -2165.363 -2298.947 9999974372952355373056.000
366098.837 742580.174 732603.149 1066.047 -1576.642 -1277.117 9999999929494737518592.000
602942.581 716261.640 675573.954 35717.492 -11731.333 -7573.206 9999965110123490181120.000
524869.404 528387.501 401251.008 -575.272 317.056 433.738 9999996273837270368256.000
884513.420 478582.654 739246.963 -57914.455 8170.935 -28102.580 9999991230231576838144.000
271265.970 501038.892 959092.492 954.771 21.243 -3081.939 10000006778550686318592.000
946404.084 409255.191 681127.978 -3331.628 310.151 -1007.986 9999985912244846198784.000
537846.656 750508.952 170999.168 -382.219 -1501.001 1421.992 10000010822545964007424.000
496203.209 284742.562 508679.701 25.008 1379.015 -88.687 10000010510050202222592.000
175408.302 378545.801 286306.024 2125.272 719.451 1435.536 9999991482735130574848.000
42966.340 715252.045 733510.903 2750.779 -955.464 -1210.384 10000000058618812563456.000
423661.806 547378.515 807037.892 1174.834 -80.033 -2737.995 9999987060449491288064.000
953224.595 406332.179 561351.419 -4039.296 897.371 -134.446 10000011831307212423168.000
209393.908 190462.305 480908.646 1495.642 1908.324 -36.856 9999989341593475743744.000
940383.377 471883.000 878407.895 -2431.347 -133.308 -1847.227 10000014670713222856704.000
437724.662 638844.566 590445.589 404.374 -575.542 -766.227 9999989010211796942848.000
122005.462 339097.359 534045.503 3566.225 101.251 -256.222 9999986818071532666880.000
467519.534 758599.116 751826.668 57.164 -1513.693 -2271.450 10000016959509979201536.000
354045.834 592827.834 476728.642 2338.662 1478.153 1235.609 9999997582861341294592.000
876898.882 114802.011 325656.651 -1949.165 2398.114 317.065 10000002804619751194624.000
691377.099 686421.648 702777.918 -667.947 -370.565 -955.430 10000014494781956685824.000
547698.133 852208.865 368821.669 -180.092 -2788.533 1394.795 10000006950554385252352.000
933728.078 426319.889 557367.894 -2508.768 -307.496 -34.228 10000022918038288334848.000
660529.174 292585.883 747864.410 23846.125 3105.958 3517.478 10000004307781200904192.000
243349.907 933043.419 108994.241 673.480 -2222.419 1448.719 10000011906222470987776.000
143940.735 336290.301 133311.176 1010.514 707.904 2908.659 10000010908376730959872.000
402502.448 125363.643 964379.436 610.658 1948.686 -2558.317 10000007835342740652032.000
74049.110 927126.460 563353.250 -15376.084 23944.906 110540.730 9999984434447858532352.000
512582.370 951205.582 627094.931 39.864 -3958.280 95.228 9999998311246042497024.000
748086.696 171671.858 788950.629 -2016.891 1439.135 -1587.785 9999993116792866209792.000
302881.074 666876.205 841900.710 1300.584 161.747 -1848.740 9999994029134007238656.000
589485.561 814081.478 464437.502 -2307.066 -2114.474 421.588 10000025312749439418368.000
725813.560 425056.072 106646.986 -1168.402 29.009 3092.055 10000011039243107303424.000
763376.327 532299.187 563479.866 -16182.939 13925.280 8491.263 10000009653744329293824.000
442265.765 253174.093 515473.086 688.767 2417.122 -21.614 9999998946236346400768.000
574654.438 113315.156 350103.004 23.363 3126.929 665.994 9999993262089317646336.000
795384.063 627486.860 657192.494 -1393.011 404.002 -1037.084 10000009613485086343168.000
254708.619 808780.413 930187.461 1410.524 -1219.680 -2860.368 9999995244787647119360.000
490402.478 621461.561 497634.615 -773.283 -880.347 450.485 9999986684148496465920.000
531593.812 69102.848 625324.661 -390.589 3413.917 -366.569 10000001599192906596352.000
334814.915 522357.530 306460.482 2133.493 313.190 1092.229 9999995423564062785536.000
775851.202 544873.970 315793.386 -1515.919 731.319 1586.806 10000000480879516319744.000
481628.129 531509.905 246842.222 -803.098 215.120 3120.704 9999997359048542388224.000
785955.035 412026.663 944434.954 1670.968 -76442.012 -50591.107 9999985254068115210240.000
225743.460 549830.126 435620.986 1566.389 325.461 1228.866 9999999761556422262784.000
917610.811 529064.196 162719.805 -2454.866 -505.101 1781.382 10000020866266715652096.000
593983.417 659633.953 231156.383 -727.622 -1131.953 2222.449 10000012952889982976000.000
621715.804 884886.108 514846.731 -1193.206 -3401.739 125.915 10000003197107401916416.000
327698.195 53489.172 966416.454 555.918 2124.595 -1849.965 10000000970733974978560.000
603052.320 261024.887 415491.146 -890.642 1401.821 576.158 9999999416634108280832.000
108550.911 262329.439 599007.850 3099.336 985.677 -412.974 10000011649036985565184.000
701953.076 308241.310 435693.738 -1357.613 1050.722 257.398 10000013697962114809856.000
662938.722 914166.502 684204.839 -625.382 -3192.273 -1168.656 10000011370576358670336.000
255011.213 948800.548 609488.175 1758.107 -2739.362 111.268 10000002215240496316416.000
613915.385 552888.662 545902.468 -831.263 -141.948 -111.443 10000000020208026648576.000
232226.193 192529.109 49465.026 1453.597 1040.514 2855.250 10000025650204350873600.000
418979.726 370822.272 338795.767 826.914 1081.382 1116.418 10000006422909937516544.000
652223.407 464573.415 528524.645 -1280.527 546.979 234.891 9999994238272029065216.000
901224.939 931246.456 754509.477 1565.889 -1728.231 -2301.397 9999994955230049468416.000
484512.406 555738.831 149858.658 -399.392 -475.638 3534.646 9999994824354990915584.000
647039.484 546665.926 656744.990 -705941.791 -3958.745 -54848.390 10000003553721428475904.000
524316.311 908594.938 654829.756 -286.572 -2870.289 -699.512 10000005472661939421184.000
751967.114 551233.614 147269.507 -1009.479 -888.397 1449.067 10000010563371992612864.000
931530.978 596328.014 507643.280 -3375.715 -602.610 436.081 9999989260460583026688.000
924989.791 161460.945 949780.450 -2132.442 1795.137 -1772.289 10000006711728100343808.000
241889.116 381890.808 165470.428 1512.561 790.444 2240.039 9999991167083450728448.000
907425.798 654687.187 375517.899 -3384.446 -669.240 614.062 9999999311686416728064.000
82731.911 591486.138 30216.647 1514.845 -126.405 2260.220 9999998104482795749376.000
200434.847 336025.264 942703.777 2318.223 756.230 -3056.400 10000008775677402677248.000
396910.216 77551.001 117793.987 531.474 2365.308 1294.749 10000002360895120343040.000
146162.773 614285.547 556603.742 3474.887 -580.719 -172.363 9999964569955440001024.000
237590.327 689738.823 735340.411 1633.852 -1024.716 -1553.209 9999995868474626801664.000
381419.886 865140.308 114393.203 713.353 -2257.229 2057.704 9999998844480660701184.000
640229.149 958904.564 919497.243 -1184.541 -2226.934 -2329.516 10000009996085506342912.000
573212.779 767990.624 548908.492 457.186 -903.958 -4071.308 9999999612945164140544.000
629798.935 877142.033 99608.752 -837.415 -1066.050 2108.722 9999998741559212244992.000
747145.860 640912.740 356396.261 -1031.296 -1700.488 3510.350 9999993569156110745600.000
368252.666 256052.306 75925.533 1135.723 853.341 2381.957 9999997012761492062208.000
533272.190 643806.621 273162.514 602.860 -2216.882 2543.278 10000004440114434408448.000
139421.358 440627.028 753075.000 2273.070 843.400 -1800.410 9999996054731189387264.000
963941.761 229692.070 748277.507 -3319.066 1646.455 -969.382 9999989999179527094272.000
869846.321 225975.099 376883.524 -2601.116 1347.659 144.493 9999984491800301666304.000
836092.152 752347.985 520438.836 -2088.897 -1186.823 242.441 9999999256638995300352.000
896550.952 200543.452 949876.825 -2510.641 1171.138 -1041.011 9999996077721117523968.000
851739.866 817148.162 610552.537 -1478.988 -2165.978 -412.400 9999995355462480429056.000
631110.568 794293.441 260823.230 -264.552 -3219.665 1645.637 10000008956117522579456.000
564862.220 890049.284 958380.233 -78.166 -1550.166 -2638.281 9999996392693976530944.000
507030.814 517116.250 754468.298 -584.286 439.098 -1409.656 9999993367097759498240.000
717420.431 117157.102 798855.971 -768.909 2204.626 -3304.670 9999994647778185707520.000
131654.569 122978.257 686296.648 738.314 658.746 692.922 10000000372199405912064.000
878908.606 667908.414 688684.803 28082.848 -5139.313 -3460.392 10000002949902340456448.000
884626.096 526877.552 973227.929 -1819.623 -266.312 -2541.183 10000005261864816607232.000
736686.214 85526.905 149458.376 -535.981 2557.914 1579.551 9999989555047325237248.000
466147.822 327567.670 787300.782 1209.289 1598.262 -2776.540 9999995070870517186560.000
920960.609 353934.258 551809.550 -3748.928 1904.692 374.449 10000022190286692155392.000
417020.948 931487.719 434767.470 292.627 -3435.179 549.223 9999988063672463261696.000
668834.316 797427.100 375073.894 36763.200 -27936.668 -67445.754 10000002096882725683200.000
923779.480 241162.255 744377.537 -1952.874 1714.981 -1035.676 10000010322363025457152.000
837706.800 101626.499 531209.699 -2081.918 2459.803 -1287.223 10000002552390525911040.000
614373.618 144006.331 147401.100 -289.557 1248.238 1986.995 10000006622121121808384.000
181029.033 281454.593 595747.281 1514.549 1663.766 -716.387 9999983096730100957184.000
485748.900 716322.972 37192.448 190.948 -789.283 3118.759 10000002480058618871808.000
865804.257 896925.959 926620.254 -1938.588 -1726.318 -2182.426 9999978799151290777600.000
261829.646 528898.181 121250.806 1447.146 -209.411 2783.548 9999995839343809789952.000
599656.447 617806.247 887750.640 3611.432 18552.135 5439.329 10000019066476229033984.000
166976.557 728407.881 491394.146 807.743 -863.053 -1811.458 9999998669994407755776.000
478255.236 422188.013 288370.323 988.416 1849.279 2509.693 9999995119926773809152.000
311929.884 397848.290 521923.114 468.175 1206.337 -156.001 10000002256795609333760.000
772679.649 632858.922 594142.579 -834.577 -296.436 484.650 10000010885909880766464.000
652091.095 713458.295 173866.598 -191.852 -58610.534 38618.226 10000009915103094767616.000
791822.463 152757.796 476214.521 -7954.188 5557.061 6194.661 9999997498658847195136.000
818411.895 87677.166 215737.224 -2283.703 1637.253 2041.829 10000001058178261319680.000
929524.690 884649.884 686322.232 -2547.616 -2281.524 32.592 9999999276477109501952.000
149601.282 561931.266 831278.083 2487.879 -25.657 -2325.426 10000002132516534222848.000
951731.124 885740.613 735188.146 -2937.218 -1858.264 -1018.299 10000012435153783619584.000
203354.013 466132.086 634565.181 1773.010 488.034 -2059.917 9999996471931868020736.000
522437.823 169610.447 521745.515 -800.502 1428.181 -53.925 9999997800184759189504.000
910703.902 892868.714 568826.457 -2435.460 -2527.621 223.798 9999984701582470021120.000
821803.203 498196.463 962349.029 -1532.615 -22.754 -2910.008 9999987914742765191168.000
948548.031 460587.330 293689.532 -3292.323 461.899 2810.820 9999993434734262747136.000
924636.382 151500.811 431949.245 -68584.351 137773.262 172815.768 9999990578959792209920.000
66973.737 485868.538 561782.905 11864.234 2071.319 2054.653 9999991427971455909888.000
569181.847 610881.413 817101.972 -1706.955 -1011.882 -1810.546 10000009110668712083456.000
146655.313 662347.181 100449.465 1381.086 -294.516 2376.674 10000001865349790171136.000
341713.394 598458.587 228078.679 1439.328 -952.570 2263.901 9999984807040755171328.000
219900.329 588303.891 344779.014 2294.933 -321.939 1278.759 10000004630337390903296.000
518993.485 458247.188 292364.614 -2019.243 -479.088 -371.314 10000010288540321579008.000
929192.694 151212.990 504643.844 -2797.211 1609.312 -29.185 9999984607104017104896.000
508953.070 595872.648 578808.864 2953.775 -1749.269 -1176.406 10000007241819100282880.000
161121.505 607717.785 144239.304 1693.171 -98.940 2381.811 9999992599771917320192.000
956098.617 457855.727 319555.327 -4731.562 455.046 -880.357 10000007043377415585792.000
783816.798 330543.119 267617.009 -1926.244 769.977 1483.882 10000003753913796788224.000
587476.003 753220.996 566385.395 -1376.233 64.804 -1645.911 9999994959959649419264.000
85896.829 281537.086 717883.953 2935.449 970.039 -1406.064 10000003321331657474048.000
987801.967 825889.734 660380.592 -30524.798 46371.976 -2181.064 10000000580491585519616.000
427547.485 211002.484 41737.452 -244.387 1394.138 3006.934 10000005896054702604288.000
963787.305 836453.930 732119.034 10558.680 15320.751 -1110.230 9999987260565288386560.000
413485.061 830567.842 691415.544 1124.692 -3528.813 -1442.264 10000004119681338179584.000
772108.313 676357.857 362178.162 -1796.236 -2118.323 1605.826 9999999817538447867904.000
619912.235 896710.450 807967.134 -9116.970 22973.341 17690.439 9999991965456950886400.000
797789.293 649467.311 619266.419 -1221.891 -373.190 811.628 10000014968170123100160.000
552792.292 296693.934 209127.405 -7217.992 3880.240 -1529.412 9999988070153021554688.000
240959.566 264381.382 769785.458 2130.935 1808.477 -1194.067 9999998151738274086912.000
669382.211 892686.258 828571.712 -1134.980 -2556.728 -1882.210 9999992698791109066752.000
708738.956 829554.744 646635.889 2588.861 -7896.108 13396.416 9999985620454605848576.000
435636.491 256429.892 327919.329 450.600 1663.431 2655.408 10000015215068429942784.000
465848.323 725873.027 630498.407 821.100 -1635.887 66.121 9999996957622806773760.000
245003.501 294297.536 417281.575 -6919.164 -1546.631 6133.038 9999999389880016699392.000
490268.377 532075.051 793456.592 220.014 179.216 -2510.756 10000005033505360707584.000
203569.981 168440.565 215007.406 1102.355 2139.630 1218.363 9999981873737098067968.000
571114.493 296774.654 153492.873 -314.976 1528.548 2581.442 9999997848157383819264.000
490954.629 679865.715 440700.049 -380.698 -1249.267 1128.528 9999993300795757953024.000
273085.125 422282.650 342829.831 570.526 44.425 -632.736 10000010587601696194560.000
622136.222 707568.566 817151.074 -1132.255 -910.461 -2164.714 10000007826893686439936.000
925146.989 703018.937 648109.261 -3301.797 -909.344 -146.617 9999996225052888530944.000
516294.430 687683.436 701185.553 -1096.753 -386.240 -1107.286 9999990933039368634368.000
707940.105 376737.820 316151.391 -911.898 -464.804 488.932 9999998954039393910784.000
166638.573 241595.821 205314.001 2265.283 2094.809 1762.871 9999992262494057922560.000
680302.672 610140.204 621163.212 -942.726 -671.201 -844.071 9999986737724000305152.000
890126.302 437840.926 812120.160 -2239.144 341.229 -1761.642 10000001851720097333248.000
191619.773 440473.666 388145.695 2166.974 213.803 315.888 10000002043956709818368.000
469283.620 732521.411 428131.152 316.241 -1888.606 1498.520 10000007948745568157696.000
436364.843 183865.565 800159.475 438.661 2290.453 -1464.772 9999994654069304066048.000
315412.141 848110.695 609292.629 1155.644 -2553.236 -361.529 9999993607448143331328.000
482894.840 304269.531 451853.638 176.680 1185.792 12.526 9999997419640944852992.000
182357.373 708926.580 485858.050 1182.200 -315.955 1416.945 9999989485276460220416.000
193958.891 438616.568 552794.987 852.407 512.716 -1057.900 10000007973877967749120.000
173554.289 324341.228 898995.595 2596.465 689.052 -1698.006 9999999440049359814656.000
251667.385 194234.253 699746.925 1309.062 2078.070 -922.968 10000003424224611926016.000
536750.452 568377.848 459019.048 -439.043 -620.406 627.308 10000005422850886336512.000
588614.007 205206.466 424494.999 -435.688 2090.045 440.480 9999984011400523546624.000
865047.029 435943.421 659101.911 -6403.137 372.210 -4379.724 9999999729109431222272.000
715587.233 247267.679 162711.000 -4103.851 77381.255 51036.732 10000004194058878582784.000
966772.615 490408.252 51580.406 -2945.080 -361.297 1999.176 10000005426761951084544.000
369103.416 642940.301 528956.716 1027.513 -1227.924 -219.439 9999996061921463762944.000
29425.328 943804.248 341829.749 1914.305 -1769.518 265.373 10000001583133143072768.000
763243.718 923531.977 904379.072 -2482.847 -4517.856 -2876.548 10000022833202146050048.000
264007.846 92295.403 468628.495 467.895 1948.977 432.753 10000004613125391253504.000
372538.266 932199.468 821601.425 1169.662 -2712.278 -1457.075 9999989174066326011904.000
714883.754 143863.469 212557.595 -1418.718 1843.670 1475.474 9999987528992901038080.000
573786.535 762921.137 564331.010 216.979 -3374.152 4509.482 9999998820339184304128.000
758991.924 898835.565 890606.558 -682.563 -315.697 -1356.948 9999995402439652016128.000
743670.491 505938.723 763596.224 -918.024 -29.838 -1841.773 9999999777906733613056.000
627077.872 36818.769 358559.364 -575.112 3243.039 608.689 10000003210867686506496.000
1000000.000 642591.380 222591.556 -2659962.967 -3574086.202 -337992.370 9999993608350776426496.000
513652.146 902133.390 804997.149 237.127 -3067.906 -1847.887 9999999977508279681024.000
258814.440 452464.212 520665.090 16021.755 -989.008 -1013.652 10000002856729549209600.000
392772.127 616383.644 303061.538 1518.672 -1698.074 1528.868 9999991925752415125504.000
323417.757 440239.433 196880.144 -1469.603 1455.584 1045.089 10000010212224727515136.000
910277.926 824475.347 495146.458 851.749 2557.018 -23390.240 9999995543768306548736.000
861359.449 745688.423 290621.784 -2156.529 -1195.916 2015.999 10000000534745094029312.000
361392.266 599951.652 480706.171 538.745 -1949.145 -142.527 9999982905252720410624.000
582113.821 817401.553 461704.908 1972.989 -3359.794 2210.793 9999999781487608070144.000
487196.080 765057.340 477814.561 278.254 -1465.351 834.979 10000000117039286976512.000
573680.430 767556.302 61037.206 -413.268 -1356.915 3326.231 10000005378054863978496.000
365484.178 270326.648 732375.441 1076.590 2076.881 -1711.577 10000002186084960174080.000
751919.335 588639.865 793277.710 -1172.451 -515.051 -2216.036 10000005093241133203456.000
294299.612 496099.403 825966.201 764.112 -116.018 -2830.967 10000000148374596616192.000
443532.210 658428.627 676557.846 182.133 -427.080 -1513.596 9999994004164143218688.000
770746.217 262851.970 397989.761 -1207.472 1500.437 452.133 10000002867149186007040.000
742124.300 632402.670 372247.942 -294.629 -80.472 -1982.249 10000008411814003998720.000
561380.267 743778.622 103158.051 -396.908 -855.540 2796.920 10000000023519912001536.000
124905.744 745714.819 448076.716 3267.447 -2034.888 1865.192 10000008751892995768320.000
519471.871 684087.624 269725.616 126.749 -2231.686 1595.851 10000003807857503895552.000
78623.574 291143.462 480737.267 3671.979 1082.684 397.709 10000011027150364737536.000
469329.900 560995.199 198324.805 -54.542 -941.558 3166.247 9999994216015141535744.000
219929.085 177919.431 848729.797 1254.032 2502.338 -554.390 9999994373371460583424.000
362245.974 564915.311 686517.815 752.383 -340.906 -1729.814 10000003722744338317312.000
760848.355 681382.017 715042.627 -30971.552 5435.155 11969.682 9999993138044924329984.000
694745.863 172745.280 261295.749 -683.637 1743.350 1284.794 9999995319279050293248.000
670883.328 345603.021 956806.201 -607.753 928.071 -3182.763 9999995189662226317312.000
372773.044 709001.600 936213.425 -9.110 -1462.070 -3335.912 10000010472026242285568.000
674866.701 793425.474 769106.342 -1482.106 -1000.356 -1869.299 10000011631271943864320.000
109881.037 93422.668 173423.825 1589.456 1475.676 1366.989 9999986767270428803072.000
153889.122 681125.921 535389.722 11090.087 -3007.280 -10381.072 9999995353756906553344.000
225446.616 696821.766 835731.848 1631.334 -956.149 -1791.851 10000004489313028931584.000
523613.784 109653.058 878406.110 2945.693 -166.015 422.346 9999983667053458358272.000
219676.659 139660.097 658201.046 1280.432 2199.198 -779.772 10000006245137030053888.000
482229.896 302923.544 419452.775 258.153 1428.141 1316.303 10000003816436057243648.000
787621.150 522294.773 698494.192 -1641.419 -251.544 -1406.517 10000001436642116108288.000
624526.616 768474.914 414859.703 -910.734 -1627.305 1606.600 9999993635718742147072.000
676306.822 678808.472 859820.964 -1650.830 -612.460 -2237.693 10000014006099332038656.000
605480.631 745741.696 543924.603 -2117.040 -616.608 758.675 9999982035548850094080.000
815218.859 91848.153 491493.360 -16.879 3621.323 -649.074 9999990124755808157696.000
401528.459 844276.718 218653.074 604.974 -2529.145 1504.161 10000000023429864488960.000
147962.571 653710.943 961531.876 1682.306 -584.827 -2655.221 9999995539062106619904.000
619546.467 914523.688 499161.582 -88.158 -4129.494 1016.326 10000010622889187344384.000
878757.031 854612.765 700731.330 -1758.011 -1940.786 -591.313 9999997425260118933504.000
806531.701 769555.095 559797.837 -1531.260 -1803.399 -78.610 9999989454908921217024.000
494912.487 594581.858 863074.737 618.099 -533.245 -3447.131 10000002477273504546816.000
891331.933 418226.863 45738.235 -1610.475 928.269 2629.976 9999991941602197110784.000
25517.724 683577.057 82800.632 2468.440 -98.503 1282.176 9999994747772576202752.000
320568.255 939271.752 391739.759 3478.777 -4736.472 -22326.224 9999991922985275490304.000
55687.068 102522.328 597544.820 2403.718 2104.474 -258.794 10000002543387045527552.000
158183.742 435916.137 368865.353 3487.630 383.773 1352.473 9999999702134148825088.000
956553.057 526252.582 262172.350 -3740.245 -1032.724 1236.240 10000007104940545671168.000
575365.771 830280.009 538192.006 -134.940 -2568.016 -268.876 10000002483511390896128.000
864585.542 573184.445 560889.520 895.578 -2435.356 -812.714 10000002722859724046336.000
681229.475 435952.784 170284.628 -701.730 -254.572 1856.706 10000015710788241063936.000
527869.625 279701.585 867586.275 -638.276 1871.182 -2361.090 9999998200378292174848.000
77276.242 195123.343 396039.601 2364.754 1313.646 989.415 10000001081137187258368.000
106436.459 954669.995 827857.864 1668.594 -2514.100 -1208.059 10000003470418952323072.000
779962.209 541326.080 174653.196 -35483.698 26923.537 -7836.522 10000011724648859303936.000
470913.626 309034.654 761860.366 307.138 2074.080 -830.935 9999989554878571610112.000
674850.820 278752.914 721627.593 -239.348 1725.673 -1962.140 10000002497369138528256.000
270359.107 420703.650 334691.995 2184.217 1085.006 3742.722 9999993705558869803008.000
432171.262 52060.385 44132.585 -208.935 2398.055 1915.530 9999981923669207154688.000
845542.106 313374.275 688530.729 -1745.024 982.152 -792.329 9999982580515756572672.000
51219.266 827535.229 574372.601 537.159 -853.129 -384.922 10000002311237796888576.000
853063.532 969606.955 696948.964 -1565.169 -2897.777 -337.006 9999994294466460516352.000
819489.771 376290.028 867073.645 -1750.937 651.606 -2341.845 10000001373075027263488.000
942048.909 526785.141 573618.428 -3477.423 71.786 -25.528 9999996910818901884928.000
501248.983 101175.614 724586.332 91.699 2740.610 -1325.078 10000003739455441600512.000
642165.333 68890.099 647218.124 7576.204 -15719.141 -37366.076 9999995511252749123584.000
304370.077 829244.625 185697.954 1161.794 -1951.228 1756.313 10000014827174653591552.000
526708.485 245428.087 560778.057 -246.489 1887.508 -929.266 10000004252485365530624.000
335117.322 625494.746 346748.328 -5068.348 16708.119 13145.286 10000002485740487311360.000
46591.582 722130.985 31162.536 1832.805 -530.916 2662.436 10000001804245833613312.000
385765.001 356528.288 944130.698 196.955 236.636 -3207.619 10000012831744952631296.000
622111.614 618666.340 527704.301 -1011.570 -941.488 -76.908 10000007396048909631488.000
737018.179 89887.162 592565.064 3684.370 1645.116 -606.332 9999997390457755664384.000
519233.542 689286.160 903758.608 -522.465 -1518.111 -2923.306 9999991105258390552576.000
276657.948 626798.999 586489.884 2001.934 -1338.810 -440.503 10000026387374883733504.000
935102.301 706334.566 792511.088 -3915.536 563.849 -1872.891 9999997140112106323968.000
645823.400 287001.507 361137.593 -953.007 1401.960 1156.614 9999994006604930351104.000
286654.781 962317.589 635565.515 1036.050 -3550.378 -531.958 10000004982464290226176.000
264204.341 467346.603 192815.507 2161.673 -93.626 1975.917 10000005714894166949888.000
203334.796 884671.076 398356.472 1746.656 -2108.835 635.297 10000002952176418684928.000
147449.409 331998.091 485676.776 2282.870 744.184 1003.071 9999999671558985482240.000
97260.182 27105.697 819942.720 1411.064 2118.938 -728.138 9999997401798218350592.000
258590.319 418892.513 460120.968 1670.268 655.568 989.947 9999985410072635244544.000
926182.284 103868.929 89379.683 -1334.117 1446.762 1461.588 10000008856286210818048.000
950937.237 562291.619 28331.916 -2140.806 -722.349 2329.897 9999996784286833311744.000
72436.343 812889.763 573950.528 2867.733 -4539.998 -1820.837 10000006249488358309888.000
742016.519 626834.324 392014.551 -101.172 -1063.438 2273.151 10000013080456989769728.000
520500.937 324424.227 905064.259 53.423 331.815 -3143.827 9999992831543972200448.000
372304.829 85145.002 290910.839 870.476 2568.907 994.549 10000001542168548212736.000
807632.568 67182.233 142401.462 -1488.551 2343.386 1694.262 9999986223993294159872.000
70200.748 817280.629 575668.421 4531.106 120.774 1928.250 9999984749039843278848.000
473037.900 942024.718 904580.252 -22.524 -2308.939 -2277.730 9999991683707123531776.000
248621.199 252654.488 920826.521 -2628.023 10520.910 -1987.209 10000006461333740453888.000
107836.148 237604.059 482223.033 8188.833 10772.402 10257.364 10000005966736945840128.000
416601.815 712900.738 569444.951 933.209 -2006.953 94.986 9999999907863268950016.000
244034.705 115742.374 381733.998 1001.860 2602.888 987.761 10000010586399264735232.000
200281.625 956199.726 389881.083 2945.887 -3144.295 -400.703 10000000661291479859200.000
49607.688 705162.380 412133.427 3307.812 -1029.034 837.671 9999980196973273677824.000
800816.052 907974.271 495183.998 -4017.295 895.348 7718.319 9999997313402875674624.000
223984.279 488760.020 156280.693 4952.879 18698.289 1265.439 10000002208613651185664.000
143682.234 283098.188 207734.957 3200.487 1651.464 1647.134 9999998407130554040320.000
22108.665 549002.689 24496.651 1964.170 90.187 1881.211 9999994903880777334784.000
364491.580 384075.533 686429.123 1218.910 3270.397 -1405.261 10000005009305663176704.000
431049.961 809951.663 786826.098 4146.495 130.934 -2645.957 10000003816081808424960.000
25294.577 772708.784 192238.184 2252.335 -1041.172 892.733 10000008680369924603904.000
743168.092 199013.907 312617.783 -1439.916 1726.937 783.458 9999995465147413954560.000
53934.759 5930.249 226041.231 5648.086 -7063.943 -9422.197 10000023020504675778560.000
825644.193 849288.860 885036.370 -1871.203 -1700.251 -1909.104 9999995027201269432320.000
262938.796 633730.158 430307.952 2291.575 -1036.447 1146.405 9999980506110610112512.000
438731.885 971675.945 176198.747 263.097 -2614.330 1300.487 9999992082557512450048.000
34148.910 492857.049 788824.443 3109.298 242.810 -1508.135 10000000248574424121344.000
175408.677 564881.643 763157.298 1948.961 -487.078 -1309.854 10000002643221052129280.000
19848.083 845872.936 941843.494 1923.170 -1040.551 -1570.501 9999995183172511858688.000
259517.398 825344.636 849440.865 -1082.625 -2136.365 -1874.200 9999992203085520830464.000
684315.148 931980.823 36891.429 -488.653 -1767.670 2201.901 9999987321073735565312.000
583586.945 446452.792 565170.795 -841.282 910.211 412.213 9999985437587565182976.000
817943.919 290136.758 467533.858 -2089.404 1153.362 137.509 10000003867948376653824.000
105150.790 478960.617 700550.112 3126.644 283.282 -1025.731 10000002925073308581888.000
732722.284 349040.403 297682.351 -1624.877 1193.617 1255.981 9999994593116319383552.000
728178.677 538497.224 876024.982 -861.803 -425.024 -2860.264 9999986878440397602816.000
223851.499 385112.106 511040.622 -1590.059 -2327.771 -9735.981 10000001053686149152768.000
483801.566 839968.883 811280.410 174.667 -1799.923 -2381.586 9999988426202803077120.000
103763.222 203661.863 660031.973 2736.251 1960.210 -1508.139 9999991584493576126464.000
460938.521 568283.692 767818.688 958.354 126.356 -2022.581 10000012145232317513728.000
431162.158 253676.076 340944.986 1313.292 2412.675 -612.674 10000006529977570820096.000
82992.654 618092.385 950794.882 1658.857 -412.087 -2105.842 9999985315483960213504.000
534285.737 306940.102 60839.158 -20.168 1044.425 2898.446 9999991856289986641920.000
393288.846 32229.388 424595.100 419.555 2964.883 506.914 9999992160162035007488.000
102744.233 853005.948 42537.277 9906.923 3578.304 -4247.801 10000002639134944395264.000
878587.493 68902.759 923329.253 -1269.473 1925.310 -1445.604 9999990357489954586624.000
661985.261 41574.261 169042.411 -491.776 2868.516 1239.221 10000005079516365979648.000
102301.337 489093.441 217303.987 2231.603 -163.053 1289.120 9999975635240471232512.000
791696.677 702479.607 957927.838 -1121.612 -447.543 -2722.829 10000002349109692334080.000
307079.812 187275.267 52426.040 749.407 1419.022 2750.047 9999995132672884080640.000
639254.827 760692.337 267742.681 -8772.301 8168.719 -724.226 10000002523566734049280.000
306087.189 830961.885 954303.104 1118.650 -989.433 -3186.723 9999997024481128218624.000
635647.479 901354.494 101798.412 -1031.354 -3167.736 1462.401 10000002377282989588480.000
644216.670 674651.374 880238.437 -506.638 -455.889 -3028.110 9999997923875633496064.000
316562.854 237029.631 772647.860 1166.516 2409.023 -1591.354 10000003052068524785664.000
88831.556 410653.407 203572.819 1983.611 198.166 861.858 9999989085986539700224.000
176912.493 612543.411 189126.596 1722.327 -722.651 1424.879 9999988941623601922048.000
397253.045 641419.128 941332.538 134.413 -174.821 -3574.364 10000010653816076632064.000
221803.576 642378.775 309833.365 1906.609 -432.816 2517.036 9999996396011819892736.000
801017.031 907988.811 494315.442 543.861 -6536.251 -6114.275 10000007320179142819840.000
106274.538 806177.822 836827.888 3313.591 -1250.299 -787.981 10000000134275861053440.000
359826.078 302097.774 961762.580 480.483 961.441 -3438.372 10000008775343349432320.000
211844.407 213540.598 894507.241 -4698.466 531.494 4108.084 9999995124789119287296.000
624240.031 229560.803 56575.301 -693.064 1797.973 2421.358 10000003033097675210752.000
234371.598 895418.734 884763.646 1225.960 -2516.126 -1896.471 9999982044519138852864.000
235321.776 172621.418 918002.000 1716.715 2225.678 -2291.252 9999997902933807071232.000
794679.197 492776.066 852739.661 -16200.767 -13455.805 -2805.745 10000000897301287534592.000
67377.782 477488.984 943536.870 2128.583 352.836 -2013.892 9999991957746144509952.000
618112.798 969900.804 901169.770 142.837 -3037.146 -1506.188 9999995193528885968896.000
756903.510 729279.264 599341.977 -1223.766 -1525.978 -290.438 10000004424068983947264.000
221150.474 655695.671 325822.251 2241.203 -1952.994 549.169 9999998347646257332224.000
757649.539 927637.659 290756.919 -1632.114 -2624.183 806.185 10000001280026800553984.000
153552.265 725594.996 480992.515 1524.120 -4382.814 8.942 10000000966919750418432.000
131598.420 840921.358 813223.537 1829.623 -1897.102 -826.728 10000008523775406505984.000
443467.671 499986.693 166683.522 438.784 409.853 3050.628 10000006220871054131200.000
497134.593 936968.407 674762.904 459.672 -3656.944 -1218.198 10000001470511909437440.000
419318.336 607930.480 293298.631 -38.948 -1269.682 2070.013 10000010762889052815360.000
753640.750 274966.523 252347.643 -1243.726 1209.096 1714.274 9999990201941856616448.000
201691.686 580839.201 449450.898 1616.752 -1379.542 1503.044 10000003404500276609024.000
490408.262 1.000 301254.618 144127.038 138542.379 30497.966 10000012018938604945408.000
960435.995 655460.466 707651.514 -3911.487 -14989.778 -13677.574 9999995792317409656832.000
523786.971 796523.264 718046.753 -566.536 -2070.767 -1338.008 10000002841730934112256.000
215321.846 384891.508 953321.066 1603.366 -167.261 -2968.985 9999999168299097128960.000
278868.029 372079.477 378794.351 1283.461 1203.384 968.189 9999982787547803680768.000
499267.728 658768.631 921052.282 -75.017 -505.569 -3705.907 10000001708814977990656.000
879393.301 317584.616 796775.128 -1335.844 1050.950 -1318.499 10000001263076120723456.000
940266.169 764455.382 325271.082 -3170.569 -1396.671 868.991 9999998991598480261120.000
42755.613 943757.635 284295.814 1665.929 -1774.628 1028.253 9999999897323675058176.000
891449.302 781514.957 283774.125 -2834.785 -1879.031 1811.393 9999997123855233581056.000
547720.854 326460.634 211792.860 288.085 771.750 2166.099 9999993876030754390016.000
820997.850 586360.537 281366.281 -2003.395 -104.865 2047.987 9999979240800619855872.000
832621.740 771632.688 936738.832 -1537.916 -631.972 -2785.601 9999997558962740264960.000
609013.765 785315.651 467097.770 -1345.153 -970.713 746.365 10000001042573193904128.000
916164.144 99046.251 978298.190 32065.136 12033.404 2999.705 9999978520982381920256.000
806668.898 769042.996 42771.614 -936.313 -1372.341 2506.002 9999987174414623965184.000
888740.343 338014.304 446114.011 -2582.332 1091.049 556.819 9999993721063447986176.000
889288.218 19037.675 74505.293 -1101.204 1804.091 1395.768 9999993327668386856960.000
805608.551 887367.492 541289.880 -1870.206 -2413.596 -349.010 10000010967446930325504.000
462521.240 345676.190 775999.195 750.755 -566.033 -1040.417 10000003622551381082112.000
730563.116 640019.794 157383.953 -1332.832 -910.818 2156.366 10000006449610639802368.000
526724.135 319835.401 369707.730 8598.251 -16240.914 -6087.926 9999997097784708694016.000
919471.234 644261.748 645085.901 -3724.917 -237.603 -42.504 10000000633343743885312.000
324061.443 452973.595 743410.623 853.844 895.584 -1975.484 10000024745560277778432.000
939552.293 501190.978 258789.512 -2388.901 277.809 1751.474 9999987833354800070656.000
715754.780 101118.119 783507.511 -1128.508 3521.266 -1105.061 10000013913909828255744.000
664182.008 131031.014 731687.871 -537.941 2249.892 -720.680 9999989261548461752320.000
737862.487 729963.486 456097.173 -1233.984 -1945.009 285.795 9999996523337138307072.000
475207.096 436608.053 152427.675 110.181 737.111 2931.681 10000022161613318520832.000
730718.278 400401.705 704567.925 -553.274 8329.983 -1610.273 9999988981358999371776.000
886509.369 499553.378 396564.696 -2477.890 -355.027 891.710 10000001305585605672960.000
762227.155 625694.677 410448.825 -2577.425 185.870 -700.055 9999995388094224269312.000
424061.933 250333.928 700077.985 -270.227 2047.836 -594.397 9999988760468713897984.000
312741.248 310648.610 421013.529 396.510 1453.182 551.232 9999989578153628532736.000
491289.693 471580.041 868015.235 66.818 283.588 -3657.007 9999991579450196099072.000
758821.822 917368.158 899864.797 1373.050 -1927.857 -1794.799 9999998308706108309504.000
800477.501 664025.750 416729.698 -1703.134 -795.971 215.942 10000006109491531612160.000
862259.496 384436.616 288469.298 -2105.016 602.742 972.313 9999996593559482400768.000
837808.860 666164.239 681658.883 28435.579 -6349.786 -13760.396 10000003912302508113920.000
371378.046 449194.625 624842.092 354.826 715.072 -360.289 9999993053454585036800.000
990981.102 292544.395 411296.920 -11327.528 -12574.608 -8097.901 9999995751717664718848.000
147489.051 498682.174 418234.062 3237.209 86.040 1126.447 9999989575897921355776.000
473041.347 722321.462 166155.903 1082.873 -644.440 1676.123 9999983765459419791360.000
309603.427 400886.111 158962.023 962.229 1205.007 2850.620 10000011264546033369088.000
84089.765 528051.037 566360.624 3929.601 -1189.448 -857.840 10000004978118890618880.000
613556.933 387648.233 749681.162 -726.505 449.680 -1947.695 10000015149893293178880.000
715666.155 382424.019 863067.132 -770.021 953.349 -2241.341 9999999958247263961088.000
210319.724 952821.124 383504.266 -178.006 -2428.620 1614.632 9999993939419706949632.000
406323.473 426701.307 235234.774 7831.361 -19277.009 -6956.595 9999998764143832203264.000
828371.939 648778.130 312083.321 -2867.299 -1145.859 1755.964 9999991878479490580480.000
824927.479 747110.639 94754.271 -1246.759 -1216.436 1557.711 10000011634915344908288.000
548779.193 127893.832 848366.736 -935.281 1629.603 -1064.129 10000002126701249167360.000
461356.049 751224.048 271920.632 285.884 -1855.724 1538.535 9999990609841091510272.000
427035.099 876856.276 82428.077 173.926 -1989.604 2457.344 10000007963347586646016.000
446818.058 875958.356 754512.777 355.239 -2780.176 -1196.115 9999982751925892284416.000
104766.100 34533.647 114629.080 1143.980 1884.928 1621.871 9999999019688407334912.000
757747.122 537611.741 128434.704 -1347.267 219.830 3295.969 10000002086261393195008.000
350210.962 293431.667 840437.904 6575.176 -1248.798 -10630.790 9999988550836724695040.000
62883.767 374263.666 125026.700 2704.695 616.480 2539.134 9999991336847217262592.000
806443.492 657038.020 630293.042 -2963.117 -1974.933 -954.818 9999991303547490664448.000
317077.571 365656.327 912989.559 -59679.454 -8497.645 -23799.825 9999993973271108255744.000
126511.795 282996.157 466655.916 2393.704 1726.666 1016.391 10000009535283896778752.000
174831.706 623053.379 562273.880 1734.668 -1132.266 -769.361 10000013847784666955776.000
173698.802 567868.639 465960.919 807.265 32.873 -1252.377 9999976440112661659648.000
790100.673 307232.004 531424.372 -1755.897 1090.543 -257.286 10000013430020202561536.000
457962.559 748847.947 524560.240 669.209 -2103.278 173.248 9999992679584430555136.000
283058.620 34898.850 584294.552 758.981 3373.322 -928.168 10000015083183301197824.000
960727.344 805142.690 840370.707 -3810.832 13151.577 11285.748 9999997837620784660480.000
110424.917 224069.938 631856.013 2512.762 1324.684 -643.209 9999995976348594077696.000
678872.773 44261.588 767673.457 -3209.470 5693.484 4996.959 10000007894353238294528.000
318348.722 185139.935 511748.718 886.753 2257.298 139.287 9999992310566364381184.000
598728.821 199519.089 739091.296 -726.667 2213.482 -1011.659 9999999632893563371520.000
174437.014 572403.276 462306.709 5420.849 843.580 128.246 9999991581312100073472.000
336394.675 382603.203 623091.877 1037.595 1507.219 -271.628 9999995972780262686720.000
519159.058 431651.983 643941.456 157.673 1451.672 -358.829 9999992050963439419392.000
882089.864 787370.257 682555.629 -6153.434 -6572.537 23639.504 10000010098679908139008.000
522867.016 534786.325 367490.482 -850.286 -297.112 1503.938 10000002879400934637568.000
519252.674 613611.217 815999.189 135.105 -1558.440 -1795.231 9999993868671292276736.000
877567.840 136978.717 288145.413 -2007.719 2036.379 1319.178 10000022469499336785920.000
136876.129 937458.316 511377.931 1731.292 -2476.922 160.106 10000023584528375218176.000
178887.191 527857.396 959341.894 1646.867 58.769 -2737.601 10000011411544996839424.000
405931.440 450170.649 278997.728 883.935 962.459 1684.137 9999994543999650103296.000
836467.103 168885.899 889857.913 -1461.332 1848.996 -1558.992 9999999330028957466624.000
738729.343 945734.222 272585.516 -408.339 -3056.413 1771.831 9999988238172880371712.000
248860.246 147122.445 932689.045 446.421 2895.026 -2641.403 9999975670896587177984.000
234377.647 976106.088 910429.715 -1844.023 -2617.284 -21518.820 10000008776113627070464.000
234753.974 580988.559 644023.843 1955.935 -881.461 -1742.475 10000007583988405239808.000
364690.863 287131.724 559513.159 1057.077 1788.596 -491.428 9999988753415205289984.000
496009.882 741603.157 147252.218 1963.775 -534.143 2797.577 9999985949987898916864.000
178101.346 866983.703 737002.790 -36210.744 -23325.637 -65850.077 9999986066585947209728.000
561780.399 323435.091 920894.196 -1043.886 576.216 -3232.447 9999987135118196080640.000
618736.472 673141.741 449467.804 -787.376 -1095.057 736.254 9999990656237593165824.000
961420.607 397287.092 225920.392 31759.570 -26475.944 11159.584 10000007961423034449920.000
777418.909 893211.624 817459.405 -2233.864 -2902.331 -3074.794 10000003920764342370304.000
370118.983 561061.793 580647.928 681.314 332.674 -195.207 9999992919716559585280.000
763165.877 103287.021 132812.465 -1309.662 1397.086 2382.171 9999987050792500592640.000
321687.864 338912.950 273002.607 1039.417 1299.393 1757.176 10000001149954494038016.000
321429.661 404776.370 911424.912 731.651 118.351 -2839.656 9999988386120087896064.000
627119.561 275192.485 246277.089 6325.423 -93.624 5249.084 9999987403415709810688.000
291675.903 783835.994 534093.893 1337.539 -2473.124 297.557 10000008941334622633984.000
307304.195 694171.801 885841.583 1899.167 -1661.576 -2094.393 10000007378949971640320.000
458831.037 752293.707 626848.956 457.577 -3019.194 155.662 9999995859058844237824.000
363247.435 771810.464 796277.877 -2979.101 -3872.554 -1629.266 10000019743359004311552.000
405745.111 211434.593 688777.253 820.891 2876.209 -636.450 10000008045044504199168.000
313256.333 597008.128 618180.186 1967.154 146.147 -796.274 10000019254930183290880.000
255571.666 277312.125 898996.163 1425.927 310.644 -1880.090 9999997755828645920768.000
482390.716 536240.668 299968.910 -908.210 -1014.931 -210.226 10000002537410344779776.000
915731.452 253633.002 191305.768 -2118.217 1279.525 1850.527 10000007260593834688512.000
529980.763 858280.707 84925.191 -31760.110 -26540.174 106204.163 10000003351839571443712.000
377383.436 670366.325 681452.550 1238.670 -1045.416 -1598.546 10000008500393438871552.000
614735.797 612655.607 256065.892 -1150.044 -280.677 1882.281 10000016536007522385920.000
572355.182 864770.644 770442.649 -624.304 -2189.768 -724.692 9999996495060306755584.000
130942.013 287560.921 673093.641 2361.314 1063.178 -1139.449 9999992655664906240000.000
84957.770 509521.654 555339.414 3872.222 521.046 632.497 10000002163885129859072.000
338282.801 290268.251 742751.266 1439.724 1138.733 -1680.161 9999995010677649440768.000
580577.760 205068.216 265182.507 -7295.813 48976.973 102132.760 9999981439543733649408.000
134499.242 161439.263 859216.721 2938.382 502.068 -409.398 10000015891258706755584.000
550105.908 870374.769 784081.303 486.423 -2382.370 -2082.331 9999999755700018348032.000
221600.967 850953.639 648060.810 2149.515 -2567.713 -107.830 10000005983384534777856.000
425770.498 53335.966 301967.078 309.947 2974.739 844.381 10000000879490154627072.000
417643.651 117911.995 848627.952 697.399 2523.850 -1492.581 10000006992357427773440.000
667435.850 91606.544 516318.739 -813.129 3195.640 303.654 10000009566858845880320.000
685440.484 199673.310 461929.708 -1144.222 1865.342 114.570 9999986474256630284288.000
458271.086 148020.749 946196.282 25.801 1703.597 -2678.103 10000011637200263315456.000
797391.227 490996.576 530943.733 -1361.222 876.834 304.037 9999995881039736078336.000
316245.845 300300.627 339798.385 993.331 1796.878 1390.245 10000022807629845757952.000
973838.523 464021.094 944843.227 -2226.151 20.531 -2168.652 10000013461794626469888.000
78773.618 60013.004 877358.572 1765.944 1715.773 -1216.741 9999999739566739161088.000
363189.650 187777.442 221867.662 565.982 1740.438 1365.187 9999981682204180742144.000
561200.775 364484.672 38568.914 -239.961 334.432 3329.608 10000002229645669826560.000
188481.402 898726.679 44241.827 511.128 -1894.622 2121.301 10000014480373717139456.000
882795.244 667922.685 585490.515 -2886.071 -948.554 415.575 10000004974537309421568.000
510601.168 302048.426 687194.706 -212.761 1092.555 156.018 10000011923773420732416.000
720472.858 437194.345 448405.593 -1628.978 718.801 659.835 10000000620451321610240.000
519486.889 379064.596 467507.584 -401.672 751.920 327.097 9999996941731683631104.000
67163.419 223866.154 841652.970 2456.656 817.349 -1504.523 10000005915124409827328.000
62026.855 172981.158 31915.989 1627.817 1117.137 2144.144 10000001037573101191168.000
623712.998 870991.548 783892.032 -373.897 -2978.943 -1013.490 9999997757776455532544.000
916417.115 92769.440 624942.476 -2239.815 2172.084 -453.795 9999990284856858771456.000
896001.186 730644.043 794151.036 -1119.934 -1458.581 -2459.983 9999990909351720124416.000
242665.571 867606.305 583889.480 -7634.603 15320.485 6353.397 10000009613808647536640.000
125512.137 448995.122 593231.805 3071.567 645.187 -117.531 9999994398518955474944.000
548496.041 63240.759 784723.028 -271.588 2827.803 -838.585 10000011964469930360832.000
968065.775 286113.129 585427.748 -3044.752 1364.525 -103.898 10000002352036133732352.000
247507.202 790901.596 766840.478 2047.407 -2016.501 -634.259 9999990925937172545536.000
114587.399 759469.987 28596.155 1092.352 -894.580 2345.455 10000004077911141253120.000
395837.585 639401.399 385776.018 -529.132 -1497.673 1410.517 9999995299472861036544.000
710667.279 235939.659 853114.139 -1020.311 1421.006 -1980.216 9999991214024238825472.000
647019.900 39363.727 77152.971 -645.089 2116.277 2187.854 9999999667619168780288.000
365573.643 277435.987 688711.527 -24511.156 456.537 -5854.464 10000000756860934160384.000
300517.185 640795.296 437218.870 1263.949 -1231.617 653.026 10000003904283812560896.000
672091.970 126173.075 195481.719 606.813 2382.985 2394.107 9999988302583913512960.000
645131.819 752932.504 269516.625 7099.316 -11223.223 3775.471 9999999625343627427840.000
272491.357 901537.770 288601.150 -2477.643 3426.426 -5985.910 10000001427447169941504.000
697382.094 414576.628 142613.580 -857.996 830.404 2535.766 9999987152947570016256.000
521130.735 480066.322 651079.839 72.055 -56.926 -571.081 10000009572532545912832.000
113934.376 76283.061 190725.546 -2239.388 16736.402 3572.734 9999990298187877318656.000
264636.806 860509.182 808105.827 1090.499 -2856.572 -829.804 9999999778823354712064.000
298285.567 604246.600 69248.908 836.908 -195.495 3100.528 9999985670292026425344.000
125018.126 120625.139 694124.041 3719.852 1783.000 -2754.822 9999999839924987625472.000
190188.056 241459.779 238217.386 1226.769 2147.605 60.190 10000003532041681371136.000
817739.089 820547.147 281168.143 -1721.170 -1925.266 2670.173 10000000727692710248448.000
554356.480 448580.172 596510.174 17672.695 -4914.765 9823.770 10000007558175188320256.000
664630.013 929174.013 436294.244 -1586.349 -3515.593 924.521 9999990455788688637952.000
67301.009 348687.805 325782.195 3140.910 700.816 887.636 10000000455603315015680.000
373015.166 627443.931 185219.070 694.747 -1204.819 2605.917 9999994983845728354304.000
127430.541 27081.112 190283.636 1110.787 2635.144 -25.738 9999992232157200252928.000
636199.009 928165.967 406056.836 -5383.281 3085.192 -13034.211 9999996983247699443712.000
289869.742 744826.345 782756.516 968.858 -962.547 -848.293 10000002367049976250368.000
126838.022 329084.452 347816.691 2462.826 1199.971 885.801 10000001838263159488512.000
752884.799 239060.664 779415.426 -1897.863 1348.530 -1525.461 9999997016745334276096.000
466346.859 590480.181 757117.452 103.656 -1639.480 -1276.005 10000005320276541702144.000
524552.447 334414.663 764040.093 -6014.083 -17639.441 -10294.537 10000015889618964578304.000
848029.492 690007.247 166661.539 -1954.576 -1088.420 1868.483 10000011473204447019008.000
759394.593 694267.978 321724.897 -9194.298 -20561.443 2651.808 10000000194457467092992.000
325108.165 846623.150 948195.869 -303.040 -2296.295 -2387.070 9999994132188979265536.000
511362.087 157358.839 521524.617 1158.391 3756.216 -14.414 10000000925432790646784.000
422321.634 563347.813 504953.380 228.623 415.366 -98.574 10000007262092109283328.000
921054.719 373999.525 205254.039 -2487.454 658.525 1486.940 10000006722141141598208.000
308050.156 51304.505 538156.760 876.871 4390.374 -373.040 10000013377016959074304.000
580625.565 810907.155 871808.458 -318.237 -1325.379 -2749.411 10000012183233819049984.000
806681.125 815512.840 899661.091 -799.715 -728.105 -2613.450 9999996275620967350272.000
932701.379 683208.727 946664.368 -1916.117 -428.066 -2215.330 10000005518015309283328.000
809464.175 80967.328 228511.872 -581.801 3066.048 -67.143 10000010826058494377984.000
472076.886 188599.830 312792.436 267.952 2430.944 1124.174 10000001099354616102912.000
325758.633 657222.351 392406.253 1486.805 -1786.942 1706.565 9999989481529734594560.000
321012.028 513154.908 740431.214 948.303 -543.445 -2334.408 9999988454730495950848.000
785551.927 51739.976 680068.417 -1510.650 2832.599 -674.946 9999980407275237933056.000
623561.944 959267.112 532789.647 -460.553 -4032.742 -98.456 10000000517472572669952.000
952320.803 522809.466 356249.153 -3260.209 -557.877 492.757 9999996193072085991424.000
540878.469 275049.519 523445.764 -878.289 871.326 -544.978 9999998790347293458432.000
200084.988 901874.892 951682.986 1302.242 -1778.384 -2343.377 10000008137679118008320.000
895554.227 208494.847 302386.160 -2900.170 1190.704 616.843 10000005166741097283584.000
431271.507 686693.885 822969.487 268.797 -1131.040 -2247.650 9999998789973350285312.000
601598.002 774528.002 600955.368 -1090.442 -2039.930 -1504.739 10000001820749260128256.000
55783.132 181223.568 775659.661 2507.146 1391.685 -1008.689 10000008092137100935168.000
664486.280 364388.197 657611.391 -1677.992 1740.428 -298.861 9999993045331904299008.000
58530.130 200744.885 458916.255 3100.840 1583.001 42.627 10000014687354451132416.000
875170.408 701558.825 334232.028 -3282.675 -991.862 1293.880 9999993147028504838144.000
841339.543 798723.496 853733.542 -1590.280 -958.323 -1806.452 10000005463722845798400.000
507740.070 845947.200 557748.561 733.394 -2898.760 -15.983 10000013087465531244544.000
358050.831 596114.097 630462.241 352.391 -138.923 -1190.829 10000008119392130826240.000
538899.329 565234.691 866655.802 -483.417 -143.449 -4285.407 9999999101149214932992.000
744462.792 625246.556 376393.230 -1178.094 620.681 1615.694 10000006487128768774144.000
355209.287 694223.401 453265.532 843.596 -1938.995 1400.151 9999998719012611555328.000
445121.755 941227.968 635704.014 1009.321 -3366.689 -152.768 9999996877342160977920.000
79726.536 113833.174 324361.645 1697.708 2049.651 594.587 9999997472147089915904.000
241758.587 819181.774 852293.277 -3809.917 562.381 -2574.015 10000016596429900349440.000
464592.113 322980.962 350695.023 165.901 1152.384 1024.757 10000009597556591951872.000
954971.263 148569.655 113429.129 -2044.573 936.122 1277.311 9999997534447041773568.000
538289.799 634242.260 276978.451 -1482.381 582.437 754.813 10000000811258727104512.000
651595.726 705822.442 926114.486 -820.800 -1042.013 -3361.765 9999987891418609745920.000
392500.222 153954.857 604784.309 1080.466 2412.642 -310.952 9999994479733295284224.000
844075.695 694126.325 745809.631 -3249.747 2496.940 -2034.119 10000006331584512786432.000
879863.670 641260.159 612913.245 4689.980 16480.447 13538.158 10000010618945581088768.000
498264.349 466055.768 565303.591 -17580.067 6103.654 -9782.444 10000003816437971943424.000
560934.607 143242.574 270158.387 -219.958 2296.401 1900.711 10000000395653396037632.000
25561.649 619121.677 969249.348 2423.179 -750.584 -2434.878 10000004827607560355840.000
525472.067 107301.859 880016.681 -3915.178 2909.459 -3158.504 9999989441751018373120.000
95425.588 701328.450 400920.791 3411.027 6357.254 -11192.106 9999993926679386914816.000
967175.562 74991.229 38279.605 -1551.534 1264.130 1602.194 10000014681992794734592.000
859640.678 765340.166 488237.264 -2713.604 -1655.743 975.544 9999998166291756089344.000
46835.524 726462.093 67692.231 1981.788 -1037.460 1147.762 9999983424571862679552.000
621713.873 930502.645 957873.618 -423.099 -1650.892 -2804.545 9999997307760874094592.000
660203.394 503337.291 253605.206 -1161.629 -65.241 1817.311 9999983303998346100736.000
572999.389 938548.261 224580.123 -276.807 -2697.344 1199.679 9999997892480232062976.000
525399.932 437572.615 678527.586 -315.078 960.666 -1817.718 10000007974182050594816.000
910454.187 812323.451 494067.202 -2969.253 -1720.987 925.941 9999998256434101878784.000
125880.606 725785.496 740035.135 -28156.896 617.831 309.281 9999999858015750586368.000
348905.573 376228.951 773249.908 987.232 771.588 -2150.044 10000002172820691877888.000
142146.947 304429.203 530857.398 237.962 2223.085 1349.693 10000015005517007028224.000
966057.417 288758.174 202007.881 -2935.882 801.981 1478.974 9999989391277441417216.000
72516.904 157107.899 273575.521 2196.667 1276.566 953.962 10000019121931531845632.000
915138.555 707484.893 799703.849 -1730.098 353.357 -3122.319 10000000369597012246528.000
448100.045 791684.529 650482.194 259.974 -2883.964 -361.229 9999993597639241236480.000
299137.970 394122.825 36002.239 878.257 384.576 3064.058 9999987279762240307200.000
797051.864 621986.878 306439.390 -1662.480 -843.479 2355.708 9999993917980276686848.000
853937.908 518263.316 504781.812 -2738.275 311.394 601.056 9999987392087152656384.000
314131.719 63146.232 531419.784 -329.905 1548.374 786.358 10000000880204050333696.000
761749.584 567308.433 739563.235 -14809.476 -18376.308 -277.686 10000023358819404873728.000
287578.659 306248.978 411656.578 -9144.783 37793.335 -41006.645 10000014921630492917760.000
331599.838 159120.686 195537.511 882.467 2162.867 1634.908 10000003606164304560128.000
82326.052 946457.054 747568.722 1905.017 -2257.063 -396.340 9999994021961902587904.000
792644.246 183333.377 934627.275 -849.204 1697.769 -2450.805 9999983555093056192512.000
72437.603 405189.340 163876.577 2537.316 -92.013 2102.274 9999994651946455662592.000
600773.550 56944.093 924669.993 -943.092 2147.142 -2146.750 10000001469097386704896.000
290567.757 708123.153 89340.945 -38.170 -1646.003 2742.054 9999997521350201704448.000
377712.609 972128.580 974555.957 384.900 -2014.371 -2128.004 10000010697006414561280.000
418757.322 811634.955 674547.810 1334.908 -2111.361 -297.429 9999993804936328511488.000
896848.123 190563.923 259877.813 -2415.838 1573.140 1685.633 9999998369793046478848.000
888340.786 520223.711 52705.312 -1115.350 -171.497 2818.417 9999990187970573369344.000
948829.885 457554.177 309246.694 -986.363 1150.899 399.955 9999981680553399156736.000
474577.073 757132.586 694410.940 -114.658 -2219.973 -1186.401 10000001006946723299328.000
710858.274 916604.795 583498.668 -1239.944 -3209.613 297.804 9999997131369375334400.000
621047.422 123170.763 325061.507 -867.801 2692.727 1138.166 9999997301715915243520.000
782116.056 478828.687 682160.951 -1830.405 751.564 -1016.839 10000008457957616386048.000
892907.391 434906.179 686275.703 913.787 131.224 2586.289 9999982467711145869312.000
797450.595 714662.732 1000000.000 2658165.340 3573309.694 -337109.747 9999984860868359749632.000
291108.770 806771.221 287989.798 1695.179 -1312.447 1276.228 9999998887265883389952.000
691161.840 258142.162 753067.069 -1327.831 1935.227 -2413.477 10000001244440580587520.000
305758.732 460512.571 123779.986 1004.375 67.132 3432.696 9999998881021690904576.000
500048.122 41697.813 167426.762 149.597 2500.675 1350.307 9999999017584957587456.000
325667.127 444015.064 192671.352 4418.215 -2017.667 4181.885 9999996405482950492160.000
839216.430 553583.411 688330.671 -2643.292 45.038 -1187.632 9999987421810270404608.000
580603.453 529899.581 866306.902 -1458.207 371.123 -3600.953 10000025098029610565632.000
479067.335 568004.489 312574.317 -612.138 31416.897 19255.619 9999994884530127241216.000
288102.609 193134.030 105521.995 686.504 1342.136 1591.761 10000001526058710990848.000
591951.687 515188.340 179861.995 -877.026 -254.560 2707.291 10000005723310927118336.000
904046.325 236973.626 640739.734 -2537.860 1575.137 61.133 9999995944423548518400.000
826140.047 133263.103 484268.502 -35708.045 111369.764 10045.387 10000008332403693060096.000
433874.536 834074.379 187103.457 -71.069 -2119.676 1989.994 10000018358071067672576.000
325555.737 888448.456 549388.584 986.513 -2945.143 319.288 10000002586349190250496.000
283536.784 105447.927 194873.317 940.125 2502.598 1332.010 10000001758477319929856.000
584149.297 724963.478 802625.939 -217.834 -1334.318 -1997.190 10000000429164089835520.000
822178.468 165796.588 498972.642 -2280.358 1128.910 -1007.710 10000004511563830525952.000
789154.606 207743.918 52194.537 -861.723 1236.718 2906.475 9999992127254360489984.000
876190.744 222635.690 44176.161 -1492.878 864.063 2204.276 9999996635551042109440.000
396808.918 193056.360 84929.072 405.186 1720.146 1694.348 10000000184938273964032.000
846035.763 188828.180 628182.863 -1842.279 1819.833 -382.401 9999997753103348662272.000
658815.977 383075.158 647938.020 -882.324 -320.244 -195.859 9999989394430463311872.000
505390.831 746143.143 144973.370 -1358.460 -2700.296 3084.991 9999999627043853565952.000
239461.175 35474.920 423450.002 1178.797 3176.002 914.217 10000000796021300920320.000
516376.963 104253.139 287162.410 359.509 2987.937 1261.235 10000002370091515641856.000
427633.463 195808.169 267268.309 545.097 2205.629 1672.719 10000001340715210637312.000
793611.836 660893.672 727871.111 -585.201 -181.417 -2779.057 10000011237000503885824.000
109367.778 844882.997 293321.364 1916.222 -1676.259 996.644 9999993871259721007104.000
727673.636 242196.739 517884.005 -1322.206 1473.901 -192.523 9999983937573089181696.000
485848.893 796548.812 467806.848 796.726 -3296.947 1344.570 9999993911431147814912.000
649587.873 850193.456 86750.596 -2272.245 55572.900 -34108.130 9999999418392150802432.000
714246.667 118638.744 480834.697 -1085.812 2584.825 393.426 9999998768972837158912.000
537077.884 259418.232 523346.480 -7361.110 -2724.938 8416.096 9999992636440091557888.000
245221.137 692907.912 146874.567 1684.507 -1830.990 987.516 10000003129470607163392.000
329033.296 451267.469 187696.524 -606.093 1740.900 1182.092 9999995960871853490176.000
535496.437 503511.443 682788.571 -918.163 -353.783 -1339.350 9999999250940727132160.000
243549.179 716103.019 659786.837 1815.431 -1739.169 -572.565 9999997293425837735936.000
795030.891 220285.761 89465.708 -1209.971 822.874 1802.450 9999996926542565343232.000
440390.569 112463.949 646121.032 1079.230 2854.972 -740.152 10000002666032393093120.000
378029.070 783376.361 112952.524 302.221 -1219.363 2461.078 9999999169300982136832.000
727241.874 96325.995 737770.979 -1567.291 2637.308 -245.226 10000009303727353626624.000
6686.782 907079.057 243257.358 -1419030.459 1511768.213 1216285.838 10000001137760549208064.000
576836.035 868411.456 135473.054 -54.438 -2189.300 1432.600 9999993714631803666432.000
535505.832 549768.805 833708.871 -513.852 516.586 -2261.362 10000011395286804987904.000
186904.589 436638.231 544322.482 3846.297 1325.609 1651.880 10000000473421030883328.000
623535.855 373043.457 614505.811 -433.009 1427.887 199.357 9999993025694477058048.000
562373.836 491804.994 83489.600 156.488 611.606 3861.859 9999998227454443388928.000
538564.723 590317.132 833260.033 -855.553 -753.476 -2680.187 10000023656674434744320.000
874354.666 613206.606 62318.338 -1772.372 -649.421 1986.670 10000004205318766592000.000
819363.587 665390.834 419759.931 -4290.281 -887.097 -48.459 10000008454617199280128.000
581250.704 770939.512 172807.791 -809.402 -1991.647 1785.951 9999992117915906211840.000
214534.749 674216.950 709833.250 2624.394 -713.905 -820.924 9999994733107919978496.000
291682.474 151142.424 487296.232 -1416637.533 1511414.239 1218248.507 9999992395946187030528.000
71814.070 516121.539 214022.052 -578.925 -8022.216 6352.339 9999991976251755593728.000
698207.383 397570.196 929526.493 -619.064 761.796 -3353.536 10000014164129461829632.000
809632.698 279242.351 384393.562 -2162.588 837.900 668.006 9999993859704017125376.000
424951.012 260947.284 925019.606 463.358 1312.038 -3138.817 9999986210388419018752.000
421178.220 255349.277 85359.593 0.947 1092.941 1642.455 10000000433576160002048.000
777732.834 596687.263 336136.909 -1908.270 411.813 1354.726 9999988040449342308352.000
276294.899 264303.297 450958.101 1220.459 2308.717 86.868 10000014659950408105984.000
584903.621 565435.793 466499.769 -1197.004 -392.978 478.881 10000004137977561219072.000
917720.301 738227.211 768252.640 -2535.086 -1628.883 -834.309 10000004680313246580736.000
762703.714 511257.335 624217.533 -1598.682 91.794 -305.034 10000005617973557460992.000
206135.732 700342.901 280857.821 2096.816 -1735.243 1705.145 9999984308428277284864.000
677977.901 550475.906 450567.564 -752.587 -112.479 466.009 9999993252467559104512.000
270678.085 601625.642 526234.287 1689.627 -568.412 63.335 10000009200274631557120.000
425558.488 853984.828 618115.975 -22348.325 -7454.249 -5252.387 10000000198215490076672.000
513328.090 523316.505 472305.770 7985.813 -12393.494 -1729.314 10000000590269435084800.000
887217.716 102023.762 399562.492 4093.626 -1358.783 -4022.929 9999987806421802549248.000
826192.363 781151.325 353223.921 -2026.362 -2071.118 514.035 10000008357238582280192.000
900848.815 483962.141 768474.312 -2736.227 -218.773 -1434.291 9999985274282496229376.000
919126.305 208265.698 692772.478 -2462.711 2131.137 -594.961 10000011480462778171392.000
850752.041 643796.127 40468.895 -1139.991 -1061.113 2648.574 10000001567605406040064.000
516601.841 839559.415 971108.667 98.764 -1188.616 -2824.509 10000010555333153914880.000
322820.642 156094.539 696236.932 -32579.654 44862.583 1025.843 9999991802973080518656.000
907193.004 545396.841 78757.545 -2020.845 -786.775 1623.592 10000001457835865014272.000
638916.667 323520.065 736706.945 -391.136 695.565 -2178.954 9999981994928374808576.000
82964.315 101633.543 491768.866 2196.830 2310.631 104.846 9999999612668004532224.000
361816.386 861227.531 328437.774 444.412 -2856.887 735.093 9999978436199926726656.000
439543.913 304551.391 514933.172 468.197 918.850 -251.227 9999996214004315848704.000
308952.292 670165.568 953697.679 1246.595 -835.492 -3942.830 10000004393461815967744.000
500522.578 162302.195 438976.604 -621.720 2584.468 1071.241 9999999431167765905408.000
520856.025 98849.141 889261.291 1326.050 3682.913 -3628.568 10000005661921567047680.000
808885.076 162329.296 472713.397 -1208.940 864.590 521.184 9999987778809889816576.000
495141.914 328809.697 797542.205 -967.448 735.483 -1721.326 9999999192398502559744.000
757341.653 278783.863 886976.017 -1108.900 872.868 -2176.631 10000008907208423112704.000
729583.840 255767.828 677832.736 -2020.268 1815.589 -236.339 10000006477898326212608.000
606103.644 866455.640 520179.484 60.124 -2340.468 15.348 10000027349782397714432.000
141280.279 77674.195 975773.767 1385.512 1702.979 -1908.534 9999982997312314015744.000
188633.665 687278.525 849557.363 2703.378 -830.701 -2184.775 10000013134816100745216.000
281376.295 516686.460 395104.909 1467.016 128.490 1155.594 10000002859769792561152.000
727254.852 941898.726 50126.219 -1382.127 -1886.505 1588.936 10000010743926029811712.000
528119.703 902017.901 566219.424 279.562 -3574.752 216.049 10000008914697474539520.000
143101.675 532438.446 529855.793 2902.691 -112.231 24.337 10000001907456405929984.000
361361.657 552506.854 262178.106 301.024 1944.094 -159.885 10000001616527864365056.000
675995.824 684982.125 75774.625 -1103.469 -1055.137 2766.468 10000000264574133600256.000
738836.209 89675.718 592594.543 -6287.943 3703.639 -319.705 10000006273400066539520.000
316516.741 451085.515 663244.718 1247.651 577.635 -889.210 10000005724282250330112.000
215106.268 331707.774 693164.512 1838.696 1390.119 -1167.513 9999999166399394086912.000
349555.166 709919.627 481634.279 1348.353 -2633.670 99.825 9999984376204348096512.000
776196.614 498576.016 855922.068 -955.325 166.035 -2535.887 9999995105938885312512.000
475890.271 716698.592 635687.953 -1841.701 -215.235 -1237.581 9999991293484560547840.000
163446.690 497764.366 776325.492 2155.756 346.917 -1868.654 10000018760180166557696.000
630249.927 942561.096 418957.376 118.764 -3730.429 1418.041 9999982520348931260416.000
613869.530 458096.095 608588.136 -1040.326 266.443 -556.595 9999995815639679762432.000
825986.728 867900.908 753581.126 -1524.119 -1936.336 -1073.780 10000012003433028517888.000
780201.014 739745.121 790814.696 5659.764 -49387.472 102691.380 10000000702930365710336.000
89228.060 353189.881 178445.909 2819.633 928.504 1017.536 10000002556113157357568.000
383100.879 553654.255 94316.605 742.277 -124.025 3517.833 9999979445954103214080.000
264178.246 87039.308 557230.034 1262.608 2005.006 -198.006 9999978385683389612032.000
845965.684 68301.055 478494.215 30565.647 -105934.882 -9302.590 10000010354495751979008.000
511599.714 593875.642 578899.364 -4285.577 1467.896 -228.434 9999985330799926837248.000
427341.060 110987.317 66605.354 -175.749 1758.220 1868.795 9999992099735500488704.000
744484.684 922316.224 664742.200 -1556.203 -3177.996 -564.676 10000003000605555556352.000
305036.939 506042.441 707858.902 1867.837 -203.117 -1103.324 10000005024560254550016.000
197157.853 346696.300 904557.572 -4344.306 2311.474 -8574.420 10000005837563336065024.000
92330.600 196991.940 101887.865 1303.556 1525.116 467.779 9999977432658449793024.000
119550.768 915742.963 914695.081 1695.072 -1795.889 -1796.994 9999986054375466336256.000
390261.352 292820.488 500877.001 1130.401 1644.310 427.548 9999993182547320242176.000
398983.654 300664.283 38634.639 728.184 99.392 3190.654 9999992621560408047616.000
638166.171 449697.112 668713.102 -939.002 65.306 -1432.544 9999982235730705383424.000
106133.687 394605.902 445246.663 3308.361 547.631 741.153 10000010891824501620736.000
904780.025 932042.970 753599.239 -5405.074 -3365.305 80.115 10000001666855500513280.000
897758.921 637440.335 675588.620 -2962.944 107.521 -1327.587 10000008082651728576512.000
121935.473 193735.819 585439.270 2260.285 2580.575 -1418.629 9999994859555464937472.000
651088.709 125409.022 474611.103 -893.566 9684.153 -18233.558 10000019112334505017344.000
757783.701 877840.220 294833.383 -985.489 -2085.661 1363.320 10000015872751914975232.000
392847.458 439039.270 551196.188 304.945 847.559 -2.602 9999998978778246152192.000
786673.595 486541.114 482003.081 -12732.944 -14828.482 -12567.690 10000016053969268768768.000
905392.363 362680.105 555240.571 -1197.038 668.226 -377.183 10000002190578393546752.000
924703.002 286090.310 768336.940 -2573.804 1029.885 -1053.883 10000016928443826438144.000
434014.118 275014.567 52480.337 -419.300 583.604 3048.719 9999993872818857050112.000
916291.315 815900.341 785748.117 -2337.826 -1944.429 -1492.156 9999998777964160352256.000
552214.644 141363.886 665640.467 -574.265 2401.893 -648.795 10000007744939439947776.000
158949.123 72521.637 248710.241 1109.452 2207.657 642.158 10000005902738900647936.000
859223.192 278906.800 320685.833 -2276.295 765.256 879.421 10000009917615570944000.000
265946.476 216184.029 901041.049 -284.766 1885.246 -340.670 10000012915382595616768.000
132534.746 747548.022 648377.594 2340.851 -1660.877 -856.280 10000003826787347857408.000
712913.952 621973.376 81314.764 -1032.904 -411.673 2868.735 9999997905134671626240.000
360231.870 436570.010 460453.911 669.229 880.341 497.768 9999984263998151327744.000
692938.359 168482.018 323161.986 -925.329 2315.680 703.987 10000002485665535098880.000
15504.522 799711.529 105950.088 -5912.373 -6102.993 7146.046 9999992966234884800512.000
104897.752 347461.671 699348.201 -40935.206 10634.825 -28271.557 9999993235699675430912.000
177360.210 378030.891 682473.987 2438.059 894.239 -1291.356 10000006326469802328064.000
919926.796 179191.559 838880.033 -2100.134 1661.832 -1275.147 9999999883404204048384.000
621280.713 666823.805 168161.277 -857.383 -747.072 2594.409 9999994985157803114496.000
905216.146 472971.300 410350.332 -3012.896 884.492 331.003 9999997514953632251904.000
615890.389 263227.297 43763.253 -506.215 582.120 3018.590 9999994948576172048384.000
774096.472 890674.262 808770.849 -231.306 -1524.999 589.611 10000001188068562305024.000
550121.779 356860.677 123138.911 7.553 623.894 2598.172 10000010357325858603008.000
922637.973 300549.527 834476.797 -2476.042 1586.001 -2208.101 10000004130813014704128.000
925600.671 555605.721 622288.585 -3285.263 -24.985 -735.289 10000016887442009227264.000
594114.837 942063.252 846953.966 -158.917 -2807.798 -1531.263 10000002379347352616960.000
333917.624 810599.499 115023.629 1110.100 -1735.379 2359.330 10000012769285260705792.000
427951.088 648153.273 886719.569 242.588 -601.328 -2823.020 10000007885072990470144.000
411168.942 456176.632 799287.402 783.432 406.824 -2296.806 9999995966775986487296.000
595996.361 143794.345 414768.428 -462.792 2931.893 426.536 10000006375394538160128.000
273178.888 402372.800 502534.787 1362.849 1090.467 286.883 10000011292387601022976.000
772607.799 390253.701 176532.604 -1584.022 730.349 1938.898 9999999796904114257920.000
338138.669 677909.986 880161.392 -231.736 -345.930 -2080.044 9999977095249514201088.000
601191.253 332111.021 264785.613 -511.528 735.837 1146.517 10000004289865785016320.000
233585.139 570830.180 281073.502 1776.577 -212.004 1854.470 9999976022306696724480.000
924848.729 405292.051 131606.549 -2327.699 689.184 1869.416 9999999543994952450048.000
838327.894 420289.178 658513.668 -1484.545 1145.341 -362.130 10000001506305281884160.000
324845.227 920061.824 556818.532 -14016.133 92702.037 -11272.549 9999995992573143416832.000
513105.887 469110.575 795053.142 -246.897 808.348 -1952.008 9999983645965911326720.000
44672.855 805540.723 339742.558 2486.832 -1360.899 772.061 10000010936263764869120.000
561529.798 213412.179 767572.322 -162.594 1954.315 -1773.851 9999995721856359333888.000
913029.835 785258.747 845990.724 -2363.953 -1304.661 -2423.400 10000000299879842709504.000
220687.272 214449.634 887483.888 9531.497 1601.956 -7588.818 9999990067914248028160.000
540945.843 266167.999 405116.858 -230.194 1642.218 964.295 10000012970754782003200.000
224407.491 390301.291 565982.939 1890.127 1753.122 -893.631 10000008556327324352512.000
143363.046 867938.525 46205.757 1159.725 -1402.371 2260.227 10000013462197634072576.000
175707.802 625516.469 821015.892 2362.390 -653.809 -1647.571 10000016429168627548160.000
666296.004 781475.864 619053.623 -1420.519 -1673.814 -747.225 9999994440507715485696.000
707484.940 845168.762 467541.673 -1700.431 -2099.506 739.563 10000002051223343595520.000
846377.064 653909.214 293392.649 705305.067 3023.368 54605.272 10000003440123819589632.000
517817.940 794574.465 502583.111 85.697 -2502.981 312.476 10000016327345436622848.000
116106.534 419683.985 85032.982 1627.578 44.856 2627.425 9999992020380176875520.000
305132.742 321726.921 722841.789 1743.448 1061.386 -886.341 10000009903112615624704.000
538777.349 36205.680 830354.894 -34.642 3240.400 -1404.550 10000011766044274196480.000
84019.184 920681.187 619698.805 1878.243 -2408.322 -231.205 10000009250731383062528.000
679010.233 224778.945 892239.234 -502.379 1555.061 -2664.997 10000009272037803556864.000
307715.751 704847.126 811922.757 800.775 -902.444 -1683.970 9999992133819821981696.000
365278.356 764753.332 687545.578 -71497.207 -138472.012 -173670.711 9999997649431356768256.000
141261.289 152767.335 867324.665 1153.894 2889.853 -2324.539 9999999571596173901824.000
961570.648 467777.756 466776.241 -3438.644 180.127 295.093 10000004556162410217472.000
256721.615 701559.507 366551.466 1624.859 -2054.787 1277.881 10000000593666605318144.000
154863.253 740008.099 485481.247 6016.486 -2908.831 275.273 9999999602654026137600.000
34404.016 598629.379 943224.169 2378.585 290.089 -1223.723 10000001146822108119040.000
171805.886 800702.051 191121.666 1655.269 -1582.983 1251.079 10000005392538494042112.000
246148.500 836309.533 674637.149 1316.506 -2153.689 -926.155 9999993391731311640576.000
944440.042 476857.235 43730.353 8143.122 1569.937 -2134.271 9999983806120110063616.000
473450.564 585365.514 325532.420 -68.210 -1362.141 907.946 9999994575847904247808.000
660535.125 121939.071 185382.020 -1345.129 1869.953 772.236 9999995099761015259136.000
111521.635 462925.987 791370.806 4318.184 -7156.340 10372.576 10000011813631217893376.000
84426.730 937069.307 52736.045 1389.638 -1787.924 1343.542 10000000328236114378752.000
364868.250 661228.477 597670.194 1224.512 -1671.574 -589.506 10000008077661379231744.000
276983.828 767766.437 796238.214 1422.041 -2067.798 -1964.647 9999991371423482380288.000
678700.065 44456.998 767992.778 2071.984 711.779 -7223.063 10000005426931837173760.000
428658.289 194495.749 981109.921 10761.749 33841.588 38930.426 9999991529450393042944.000
318479.353 686818.433 905645.753 726.865 -857.712 -3831.794 9999987754010549420032.000
331951.791 303326.600 894938.168 199.130 930.390 -2657.769 9999992006103145644032.000
424977.331 226206.213 871264.023 503.962 1983.120 -2125.056 10000003413826779217920.000
45047.294 111497.547 189819.858 2242.137 1371.814 1024.244 10000031066578816598016.000
728264.815 383095.877 704934.551 -2979.775 -6835.973 -1139.399 9999988184314932101120.000
473740.315 636977.762 560075.641 -371.087 -1140.455 -70.085 10000000204259893182464.000
250027.934 655384.459 146274.138 -853.625 -5302.468 9170.255 10000002748870958252032.000
123609.252 196422.316 569403.878 2121.330 1829.693 1456.750 9999997012685325598720.000
472915.763 902452.856 391388.758 14021.548 -891.800 -4438.891 10000000684156117843968.000
185909.130 874010.119 103773.725 863.901 -1742.188 1210.262 9999998185534205722624.000
974069.104 965988.995 296841.185 -1741.243 -1694.718 807.264 9999993639247967944704.000
837457.832 719448.950 356283.277 -2384.357 -1650.500 852.186 9999994324511879069696.000
835438.409 504518.706 403756.835 -1775.239 324.528 716.499 9999991208862118051840.000
854327.312 667637.491 741859.846 -1089.789 -2283.591 -3100.422 9999988640917491810304.000
745530.190 397918.807 269409.469 5115.526 5262.407 -6553.574 10000006928871203012608.000
818313.741 185058.327 170661.010 -1597.247 1339.611 1831.101 9999999086162528436224.000
411369.228 813442.609 574693.388 137218.461 -186628.441 -265842.859 9999989868990279188480.000
641230.847 648203.849 343560.696 -573.126 -914.090 1190.503 10000005651790087323648.000
628345.687 661301.170 59964.951 -304.618 -436.211 3119.337 10000010174115969236992.000
572457.942 507595.719 98630.721 -899.486 -822.118 2595.200 9999991580436285358080.000
727203.054 137404.119 785051.084 -1452.569 1525.070 -928.159 9999988426230240116736.000
244308.373 70016.054 464787.218 1831.721 3159.422 295.466 10000001552228766711808.000
112572.322 441392.171 616992.708 3841.457 1030.365 -1652.135 10000011296068041965568.000
98677.077 101738.467 973614.777 1953.367 1052.126 -1745.418 9999993521990625394688.000
154145.567 300411.925 214656.359 1484.137 -174.063 927.351 9999996115322648133632.000
238139.003 86220.002 617047.296 1358.038 2549.104 -878.321 10000000537905449664512.000
516117.247 452887.140 285728.121 -534.093 1501.717 3830.164 10000009140749832552448.000
671486.454 872132.110 418439.720 -1117.866 -2413.301 1525.909 9999997896050239078400.000
258386.574 871533.571 474029.500 -12329.856 -4704.841 5666.882 10000002384959375409152.000
633568.228 858101.555 825178.805 -635.541 -1487.826 -2687.960 9999998008054377349120.000
250604.936 426389.299 885174.897 1536.787 406.137 -2461.901 10000014641827009265664.000
125251.837 641914.776 134587.663 5912.715 7273.473 -3267.453 10000007522015573442560.000
435753.450 505635.251 420154.013 -165.503 550.725 657.461 10000016858758040780800.000
494600.957 378362.595 722499.301 -9314.835 18647.540 -34206.884 9999980193530387628032.000
171614.453 554313.166 482655.408 3327.221 -1723.566 2693.069 9999998497502529585152.000
479547.480 161222.186 445924.697 1668.272 2724.221 370.008 9999997436512618676224.000
68346.580 923725.571 468965.707 20928.911 25864.405 -6168.581 9999993766891562729472.000
108707.411 794470.960 863857.774 2605.952 -645.749 -2822.345 9999988868542231478272.000
552395.381 101226.102 501341.667 -481.846 3155.806 232.785 10000008025798265012224.000
18434.569 52048.242 82065.083 1575.793 1342.332 1307.904 10000005634979560161280.000
392884.060 153967.645 35793.697 526.979 1650.838 2769.707 9999992702536914042880.000
869692.096 953927.626 300287.691 6285.256 15969.536 -494.168 10000001405460777271296.000
967600.981 959972.351 913674.458 -1635.117 -1523.805 -1322.715 9999996494955944083456.000
479240.256 116288.035 618814.413 -74.633 2827.816 -90.940 9999993960466286116864.000
76476.084 1.000 894453.797 -135751.876 187148.838 -263875.967 10000010554169037422592.000
927279.292 57638.576 304163.800 -2101.552 2246.238 701.557 9999996700884807450624.000
392283.556 816422.632 283349.918 223.796 -1960.884 1365.625 9999992800329888432128.000
92729.424 632317.422 367223.424 3066.302 -629.782 1187.179 9999998640799178817536.000
850682.606 199162.315 322635.610 -1557.045 1696.727 729.368 9999996158102447587328.000
550937.433 165346.492 316700.111 -49.298 1916.221 1038.226 10000013414205092790272.000
816846.258 429414.575 63545.417 -984.162 670.046 2994.158 9999990928110279196672.000
572914.266 183447.456 532694.123 -1106.531 2166.743 -378.079 10000008216494011842560.000
336315.275 830692.379 283160.499 667.210 -1918.136 1487.962 10000003321034864328704.000
662008.984 305452.250 705452.148 -505.533 1134.250 -674.290 10000000848490567565312.000
370652.238 637494.521 390065.804 1388.673 -930.638 1280.963 10000025395172617486336.000
127088.091 846883.214 92742.271 1443.509 -1378.334 1066.321 10000004702712606228480.000
480882.195 837041.753 325089.319 28.842 -2629.693 1351.033 9999997386023361314816.000
867889.593 849279.564 323577.974 -2608.848 -2407.367 864.965 9999965893825952481280.000
49613.340 588457.075 759484.605 3159.721 -551.943 -1221.996 10000012497016458313728.000
85599.004 200335.055 86284.366 2163.465 461.276 2983.831 10000003957626916306944.000
246667.291 179574.735 88093.256 1442.937 1849.357 1813.345 10000008257713165303808.000
772970.649 929086.906 692886.890 21412.616 2066.940 4012.844 10000000262125238878208.000
941783.832 464401.613 56160.246 -2312.022 1098.549 1874.605 10000007466203714945024.000
677278.943 687939.020 284721.125 -1145.755 -1066.103 1842.429 10000005167515558739968.000
248974.946 825799.235 463164.500 1487.555 -2467.356 564.400 9999999946857788735488.000
290896.874 871435.449 319795.094 5506.547 -9551.342 7410.296 9999993167220305821696.000
651094.744 181715.143 399773.927 -1126.755 2180.941 719.864 10000007907265407352832.000
664776.328 379585.007 208289.272 -907.865 666.073 1982.297 9999996036543986794496.000
791034.903 485971.422 772168.898 -1995.408 379.106 -1796.484 10000004998769399562240.000
863194.364 311138.342 209521.203 -1771.111 857.830 1798.950 10000002959286827220992.000
388015.693 67901.025 25872.393 832.727 1985.633 2301.166 10000003163786680729600.000
840493.904 56512.368 397813.198 -1461.461 2984.874 707.043 10000001627470595883008.000
906429.355 557227.244 260033.730 -2915.627 -784.867 1341.325 10000005922996652867584.000
717841.368 916418.436 630180.177 -876.222 -2944.273 -234.091 10000001827112663121920.000
689759.948 269627.616 713395.215 -2311.306 2360.419 -183.693 10000013838823597277184.000
918305.188 760584.761 609752.805 -3100.051 -978.139 211.649 10000000577729158184960.000
222485.013 560385.713 618971.383 2267.978 -48.284 -545.457 9999992000403965214720.000
772092.311 210482.293 248767.769 -1525.480 1563.931 1584.906 10000020612719277244416.000
735714.534 438365.482 144473.655 -10782.689 -1693.291 6619.071 10000016352333168377856.000
215659.950 690417.033 928193.862 1674.529 -790.229 -2902.314 10000005567584883703808.000
453548.261 973071.845 874269.396 34408.340 -8942.806 5663.247 10000012108626917326848.000
867811.999 567972.874 256597.566 -1999.050 -537.868 1936.513 9999985924418018738176.000
136947.196 305804.362 535798.147 4421.739 1330.730 -1909.406 9999995620965717377024.000
402984.282 282557.353 217670.650 539.618 1344.802 2012.758 9999998805072926474240.000
338480.732 448557.969 578001.457 25900.026 -27820.904 6101.637 10000006969283806494720.000
201845.549 425422.408 357957.342 1981.656 823.190 1796.558 10000002701478189858816.000
269889.602 195609.869 910997.203 4254.588 -8170.846 -5418.257 9999997434369346109440.000
627690.200 913922.030 781166.333 14033.199 -95721.075 9496.982 10000005852832198557696.000
415629.037 564966.698 130305.391 373.886 -604.446 3043.489 10000043407949793591296.000
665677.133 754157.462 697897.729 6952.938 -26273.654 -20084.704 9999981501033599729664.000
261260.676 485606.314 803324.289 1915.956 345.561 -1788.941 10000000176266179248128.000
445246.759 295444.864 856409.541 558.298 1136.386 -2529.200 9999989372478264705024.000
181065.861 58341.711 968147.876 542.835 2131.100 -1619.769 10000001657122647441408.000
603355.757 392491.035 98927.789 -645.619 368.271 2892.827 10000000971484539387904.000
111995.641 897347.956 806293.083 1837.732 -2010.680 -1063.397 10000006519502409826304.000
687081.672 468810.777 317182.059 -1190.549 280.061 1186.566 10000004495561279406080.000
506366.019 320375.634 826211.922 -557.010 1089.414 -3109.157 9999994168128495943680.000
716610.757 198731.298 606055.441 -1222.734 1905.729 -374.516 9999983018565848530944.000
189971.212 261234.647 219348.577 480.392 632.051 1680.400 9999998981572533420032.000
794901.387 265134.579 926613.018 -1126.291 983.848 -2722.875 9999981954579682033664.000
227554.056 162431.194 341231.096 1328.797 1956.003 1153.444 10000000380951645388800.000
943742.439 56048.825 822989.185 -1677.873 1831.519 -899.999 9999996104509661118464.000
228956.655 43766.459 564555.043 1914.619 3112.555 -158.880 9999998934730810589184.000
319177.285 484241.822 794642.065 4837.249 3857.133 7595.643 9999987379603498860544.000
679740.822 403753.636 490923.450 -1235.097 1084.248 242.851 9999988600297828122624.000
855821.539 550386.860 854785.416 11793.455 12778.369 -1868.560 9999982227367651180544.000
927499.155 286745.762 252998.062 -2655.641 865.622 799.402 9999988037469899587584.000
496710.933 931852.177 76235.867 202.615 -2318.658 1912.545 9999989711177785540608.000
320972.280 634141.002 945819.608 786.545 555.868 -3279.208 9999986022154921574400.000
937869.814 346650.601 806402.433 -3364.094 431.145 -1210.004 9999994652284917121024.000
594766.468 42435.595 108021.055 143.292 2403.100 1743.600 9999998493358292992000.000
