1000000.000 0.100 1000
154815.373 158308.140 455007.314 2126.090 2249.821 395.856 10000008755659606589440.000
94506.933 562989.453 617798.339 2468.711 -795.264 -1431.908 9999999377465996738560.000
118900.483 553592.946 774630.798 3006.675 -322.308 -1505.594 9999985831455315984384.000
266077.435 300252.972 785068.384 1611.986 901.501 -1772.144 9999995860316179136512.000
472533.703 284626.936 304766.202 -308.399 1553.752 1974.615 10000016302788610883584.000
314515.681 333318.574 137397.217 846.219 1185.537 2460.918 9999997258185280847872.000
132942.256 107000.433 688127.924 1192.673 4496.183 -600.719 10000005942867652509696.000
401260.810 526666.078 407731.526 911.964 -430.302 887.830 10000011669088476594176.000
205811.982 595834.156 863228.655 1577.925 -118.071 -2564.641 9999998891437445873664.000
295013.464 863429.373 282143.598 1146.861 -2146.570 2142.452 9999996045658926612480.000
522189.293 55089.492 508438.332 176.238 3620.634 146.462 9999995065480689745920.000
493602.627 546940.944 721118.109 -106.132 -337.418 -653.907 10000004317964914393088.000
402695.800 886119.626 113091.732 138974.228 138370.783 -28358.382 9999998558303661588480.000
612309.673 922363.554 195707.527 31614.882 22769.669 110948.461 10000002204482458877952.000
754123.007 734424.588 746661.841 -1068.423 -1483.289 -1732.648 10000002648408252743680.000
884180.251 167585.633 813011.970 41257.092 -8275.541 -24673.207 10000000351162523975680.000
649153.212 539791.652 589926.727 -1237.426 -156.345 -712.514 10000006820283639922688.000
706184.415 463098.641 631887.060 -1459.567 364.002 -447.363 10000017804871447085056.000
758917.230 879200.667 666335.810 -1647.648 -1735.360 -675.615 9999988394324895203328.000
714375.208 761237.859 286805.300 -1457.587 -1980.315 1609.677 9999999818154414964736.000
183439.244 825903.896 565766.055 4136.507 5333.828 7587.303 10000014035791013478400.000
858687.546 752997.533 64589.851 -2145.514 -1222.905 2171.957 10000010746303581519872.000
848558.314 274443.705 930905.050 -1837.612 573.409 -2355.522 9999996322527873859584.000
422561.034 703650.308 638959.470 1268.667 -1386.470 -951.938 9999998183217096032256.000
592777.190 114086.559 123961.259 207.201 2062.553 2306.325 9999989864818716704768.000
358758.200 497285.141 655868.752 570.390 -35.819 -917.390 10000007600105242755072.000
651934.979 319669.536 242381.763 -1266.864 1171.980 1795.536 10000007930463207292928.000
138891.415 684953.072 435149.561 -540.811 -8767.840 -5518.074 10000006266481574674432.000
277615.758 507176.896 495121.110 1318.409 225.914 236.160 9999976869078069411840.000
271511.391 303843.946 401749.927 10675.816 4892.131 -4095.258 10000002504996388077568.000
138589.017 800805.627 840171.639 1280.090 -948.219 -1561.349 9999997540112950886400.000
47492.665 865133.006 651236.064 2512.735 -1774.941 -738.489 10000018301935868182528.000
714250.686 379528.606 78367.680 -887.443 1006.104 3140.327 10000002786813364142080.000
366236.726 392824.966 684241.967 -155.964 -1059.104 -819.094 10000024089301054652416.000
192286.901 467938.341 593381.771 1070.239 510.895 336.656 9999999642415954657280.000
485085.824 438531.438 300236.014 307.123 495.411 176.855 9999995800520652488704.000
115061.859 337568.425 151632.355 2218.452 1018.866 2114.318 9999995455959015096320.000
158520.495 211357.547 856829.002 -32112.853 15663.468 -7251.349 10000010810940364685312.000
224751.910 340380.297 529082.567 1484.810 1861.333 46.825 10000007452928243662848.000
509847.628 391238.671 287672.279 -666.103 1759.840 1605.837 10000001373736288649216.000
366271.916 738291.398 512929.679 -7454.394 9992.919 2651.375 10000007301968452124672.000
571924.890 492246.687 230016.896 -906.160 222.420 2116.014 10000002480381014048768.000
230174.246 488083.338 848660.439 2021.301 152.169 -2630.599 10000004229894340870144.000
460300.324 554445.183 236551.032 857.870 -1097.787 2375.016 9999997666817566834688.000
5445.115 718798.047 730998.341 5045.608 811.809 9034.315 9999996140020016611328.000
90970.956 419450.347 737831.781 3268.704 994.296 -1415.951 10000023888859431436288.000
124420.876 692965.238 101086.741 1987.316 -1292.314 1696.440 10000011610920165834752.000
879587.566 938088.528 34178.233 -1172.421 -1336.266 1394.832 10000003127149110231040.000
596947.089 506811.139 431862.130 -1083.242 624.329 856.802 10000008067389673439232.000
512635.206 514120.533 466817.260 -302.598 992.217 229.260 9999991319681896022016.000
454451.196 164542.220 582788.972 482.272 2229.949 -154.945 10000018637522133319680.000
481972.949 474573.581 260365.534 1233.686 -30901.884 -15784.881 9999991698695504527360.000
883751.226 272286.276 678627.520 -2167.193 1227.550 -609.881 10000002258734856273920.000
928910.699 771220.302 695574.327 -2654.279 -1369.299 -711.064 10000007022018553708544.000
389562.027 489043.022 392325.118 1047.645 1015.157 1112.757 10000012170431578505216.000
958535.580 376206.243 757937.366 -3155.639 354.124 -919.148 10000014559228083568640.000
170134.845 568974.377 247490.001 2423.307 -227.284 1444.265 9999989271678488150016.000
786494.184 701287.983 408496.862 -1774.718 -2470.719 457.878 10000010021265330929664.000
216715.667 161085.419 426931.497 1424.036 2090.884 758.901 9999986562650588839936.000
342916.049 696328.010 47543.050 256.235 -837.937 3131.536 9999998542789772050432.000
469848.567 439627.252 832471.840 406.991 760.543 -2762.943 10000010235253549432832.000
657142.595 41481.122 691343.350 7.716 -3923.818 17309.904 9999983745088752713728.000
790477.514 900026.436 916677.332 -1822.991 -1475.612 -3025.198 10000001423191171923968.000
413996.190 784633.074 372611.460 624.518 -2192.509 1099.103 9999997546592787759104.000
331209.383 623680.167 623313.318 1478.698 -1662.262 -1199.068 9999971546462792187904.000
876291.753 953789.790 405776.390 -1829.624 -2409.625 627.929 9999990212916594868224.000
243298.488 819959.363 852291.687 8971.598 -3711.486 -1682.868 10000001951925983510528.000
838557.793 120095.872 675943.799 -1859.858 2220.300 -840.717 9999997735607887462400.000
263683.324 695233.563 92618.202 1480.126 6115.359 -5643.507 9999999022070147055616.000
379016.300 890289.901 774300.876 1017.510 -2620.601 -1055.621 9999985732058504757248.000
260033.614 694625.093 94277.318 3262.279 -2552.039 4237.467 9999999022581229289472.000
388392.696 262335.496 715551.089 541.860 1813.916 -435.655 10000020802521511493632.000
396502.665 438326.179 457312.709 17931.663 -26493.975 -110866.555 9999993597635728506880.000
914094.781 343439.045 825332.663 -1778.623 248.230 -2377.553 10000006034095532408832.000
952721.063 380490.891 639235.880 -3221.806 978.153 -407.073 9999996412701295247360.000
185816.815 473957.323 603758.363 3555.762 -825.248 -1849.208 10000002175700689747968.000
956609.831 788635.802 663249.888 -3506.896 -1686.666 -104.463 9999986910059519016960.000
885091.156 206404.063 961261.878 -629.352 664.886 -3352.060 10000019622148054188032.000
757177.179 958726.057 717625.949 -1118.701 -3268.807 -1115.213 9999988584587580145664.000
412209.472 930472.728 862428.172 443.635 -2165.398 -2298.954 9999974372952355373056.000
366098.931 742580.009 732603.156 1066.105 -1576.749 -1277.112 9999999929494737518592.000
602942.514 716261.439 675573.955 35717.423 -11731.455 -7573.208 9999965110123490181120.000
524869.385 528387.331 401251.275 -575.292 316.977 433.908 9999996273837270368256.000
884513.762 478582.594 739247.816 -57914.214 8171.128 -28102.432 9999991230231576838144.000
271266.304 501038.852 959092.426 954.982 21.212 -3081.987 10000006778550686318592.000
946404.528 409255.282 681127.643 -3331.302 310.180 -1008.281 9999985912244846198784.000
537846.672 750508.931 170999.208 -382.214 -1501.013 1422.014 10000010822545964007424.000
496205.307 284742.867 508682.392 26.129 1379.190 -87.039 10000010510050202222592.000
175408.679 378546.077 286307.203 2125.381 719.540 1435.765 9999991482735130574848.000
42966.181 715251.968 733510.947 2750.732 -955.485 -1210.364 10000000058618812563456.000
423662.304 547377.388 807037.498 1175.120 -80.744 -2738.247 9999987060449491288064.000
953224.718 406332.250 561351.206 -4039.218 897.419 -134.586 10000011831307212423168.000
209393.663 190462.101 480908.013 1495.493 1908.183 -37.283 9999989341593475743744.000
940383.591 471883.206 878408.036 -2431.201 -133.168 -1847.131 10000014670713222856704.000
437724.815 638844.192 590445.767 404.465 -575.780 -766.115 9999989010211796942848.000
122005.109 339097.591 534045.207 3565.983 101.409 -256.431 9999986818071532666880.000
467519.518 758598.921 751826.649 57.153 -1513.817 -2271.461 10000016959509979201536.000
354046.082 592827.802 476728.770 2338.821 1478.128 1235.694 9999997582861341294592.000
876898.792 114802.000 325656.649 -1949.222 2398.107 317.065 10000002804619751194624.000
691376.871 686421.675 702777.860 -668.093 -370.551 -955.466 10000014494781956685824.000
547698.125 852208.822 368821.694 -180.098 -2788.560 1394.812 10000006950554385252352.000
933728.190 426319.986 557367.663 -2508.695 -307.431 -34.377 10000022918038288334848.000
433274.930 306392.188 709321.121 -13188.094 5276.166 -2560.178 10000004307781200904192.000
243349.916 933043.418 108994.247 673.486 -2222.420 1448.724 10000011906222470987776.000
143940.743 336290.319 133311.127 1010.528 707.914 2908.633 10000010908376730959872.000
402503.057 125364.004 964379.041 611.023 1948.913 -2558.571 10000007835342740652032.000
74041.074 927135.115 563366.288 -15376.900 23945.808 110543.480 9999984434447858532352.000
512582.358 951205.535 627094.935 39.857 -3958.310 95.230 9999998311246042497024.000
748087.388 171668.968 788951.068 -2016.574 1437.113 -1587.508 9999993116792866209792.000
302881.264 666876.067 841900.680 1300.702 161.657 -1848.761 9999994029134007238656.000
589485.527 814081.413 464437.526 -2307.089 -2114.515 421.604 10000025312749439418368.000
725813.535 425056.061 106647.023 -1168.419 29.001 3092.079 10000011039243107303424.000
763376.235 532299.278 563479.497 -16183.070 13925.389 8491.060 10000009653744329293824.000
442269.012 253174.493 515472.846 690.703 2417.402 -21.514 9999998946236346400768.000
574654.445 113315.278 350103.307 23.382 3127.004 666.178 9999993262089317646336.000
795383.945 627487.065 657192.378 -1393.094 404.130 -1037.158 10000009613485086343168.000
254708.659 808780.364 930187.448 1410.548 -1219.709 -2860.378 9999995244787647119360.000
490402.508 621461.282 497634.817 -773.267 -880.523 450.609 9999986684148496465920.000
531594.496 69105.146 625325.847 -390.184 3415.285 -365.864 10000001599192906596352.000
334815.020 522357.552 306460.517 2133.552 313.206 1092.257 9999995423564062785536.000
775851.113 544873.946 315793.393 -1515.975 731.303 1586.811 10000000480879516319744.000
481628.192 531509.553 246841.892 -803.050 214.696 3120.010 9999997359048542388224.000
785954.939 412026.871 944434.969 1670.918 -76441.849 -50591.015 9999985254068115210240.000
225743.578 549830.240 435620.961 1566.471 325.539 1228.850 9999999761556422262784.000
917610.782 529064.191 162719.802 -2454.885 -505.105 1781.380 10000020866266715652096.000
593983.376 659633.901 231156.404 -727.636 -1131.975 2222.474 10000012952889982976000.000
621715.771 884886.063 514846.740 -1193.227 -3401.767 125.921 10000003197107401916416.000
327698.549 53489.258 966416.481 556.138 2124.656 -1849.956 10000000970733974978560.000
603052.048 261024.892 415491.916 -890.805 1401.827 576.632 9999999416634108280832.000
108550.277 262329.484 599007.619 3098.894 985.703 -413.138 10000011649036985565184.000
701952.512 308241.190 435693.865 -1357.965 1050.647 257.492 10000013697962114809856.000
662938.679 914166.473 684204.833 -625.410 -3192.291 -1168.660 10000011370576358670336.000
255011.241 948800.524 609488.185 1758.125 -2739.379 111.275 10000002215240496316416.000
613914.868 552888.298 545902.603 -831.581 -142.178 -111.353 10000000020208026648576.000
232226.191 192529.087 49465.012 1453.611 1040.511 2855.240 10000025650204350873600.000
418980.005 370822.297 338795.884 827.088 1081.392 1116.498 10000006422909937516544.000
652222.473 464573.140 528524.638 -1281.103 546.792 234.910 9999994238272029065216.000
901224.914 931246.476 754509.473 1565.873 -1728.218 -2301.401 9999994955230049468416.000
484512.428 555738.796 149858.693 -399.378 -475.668 3534.662 9999994824354990915584.000
647039.491 546665.969 656744.960 -705941.792 -3958.716 -54848.435 10000003553721428475904.000
524316.292 908594.876 654829.759 -286.583 -2870.328 -699.510 10000005472661939421184.000
751967.084 551233.600 147269.533 -1009.498 -888.407 1449.083 10000010563371992612864.000
931530.956 596328.081 507643.197 -3375.731 -602.568 436.026 9999989260460583026688.000
924989.919 161460.752 949780.626 -2132.360 1795.007 -1772.170 10000006711728100343808.000
241889.212 381890.839 165470.414 1512.605 790.459 2240.024 9999991167083450728448.000
907425.756 654687.200 375517.869 -3384.473 -669.233 614.042 9999999311686416728064.000
82731.923 591486.149 30216.639 1514.853 -126.399 2260.216 9999998104482795749376.000
200435.066 336025.416 942704.091 2318.377 756.325 -3056.201 10000008775677402677248.000
396910.401 77551.074 117793.986 531.528 2365.324 1294.756 10000002360895120343040.000
146162.841 614285.647 556603.751 3474.935 -580.647 -172.358 9999964569955440001024.000
237590.483 689738.795 735340.444 1633.954 -1024.736 -1553.190 9999995868474626801664.000
381419.898 865140.304 114393.216 713.375 -2257.220 2057.717 9999998844480660701184.000
640229.119 958904.547 919497.233 -1184.561 -2226.945 -2329.522 10000009996085506342912.000
573212.781 767990.426 548908.653 457.187 -904.089 -4071.190 9999999612945164140544.000
629798.923 877142.031 99608.761 -837.416 -1066.058 2108.728 9999998741559212244992.000
747145.780 640912.709 356396.277 -1031.350 -1700.509 3510.362 9999993569156110745600.000
368252.690 256052.283 75925.551 1135.747 853.340 2381.967 9999997012761492062208.000
533272.231 643806.528 273162.580 602.871 -2216.915 2543.345 10000004440114434408448.000
139421.220 440627.465 753075.220 2272.985 843.697 -1800.258 9999996054731189387264.000
963942.164 229691.879 748277.448 -3318.791 1646.322 -969.423 9999989999179527094272.000
869846.199 225975.061 376883.458 -2601.196 1347.635 144.452 9999984491800301666304.000
836092.108 752348.011 520438.806 -2088.932 -1186.809 242.423 9999999256638995300352.000
896551.149 200543.237 949877.102 -2510.515 1170.991 -1040.823 9999996077721117523968.000
851739.830 817148.167 610552.502 -1479.009 -2165.967 -412.417 9999995355462480429056.000
631110.554 794293.406 260823.253 -264.562 -3219.685 1645.653 10000008956117522579456.000
564862.227 890049.256 958380.214 -78.183 -1550.188 -2638.294 9999996392693976530944.000
507029.928 517113.712 754467.738 -584.810 437.595 -1409.987 9999993367097759498240.000
717419.434 117155.514 798855.915 -769.650 2203.651 -3304.750 9999994647778185707520.000
131654.027 122977.828 686296.700 737.962 658.449 692.964 10000000372199405912064.000
878908.511 667908.547 688684.744 28082.802 -5139.224 -3460.429 10000002949902340456448.000
884626.094 526877.621 973228.074 -1819.619 -266.228 -2541.084 10000005261864816607232.000
736686.186 85526.918 149458.424 -535.998 2557.922 1579.582 9999989555047325237248.000
466173.298 327553.412 787260.418 1217.862 1591.140 -2798.254 9999995070870517186560.000
920960.746 353934.279 551809.235 -3748.840 1904.708 374.239 10000022190286692155392.000
417020.958 931487.686 434767.487 292.633 -3435.201 549.234 9999988063672463261696.000
668834.380 797426.959 375073.712 36763.191 -27936.714 -67445.773 10000002096882725683200.000
923780.111 241161.981 744377.442 -1952.442 1714.790 -1035.744 10000010322363025457152.000
837706.569 101626.348 531209.542 -2082.073 2459.709 -1287.320 10000002552390525911040.000
614373.616 144006.346 147401.174 -289.557 1248.247 1987.041 10000006622121121808384.000
181027.784 281454.809 595746.601 1513.676 1663.913 -716.882 9999983096730100957184.000
485748.898 716322.964 37192.462 190.950 -789.288 3118.769 10000002480058618871808.000
865804.230 896925.983 926620.255 -1938.605 -1726.302 -2182.426 9999978799151290777600.000
261829.685 528898.192 121250.807 1447.170 -209.405 2783.549 9999995839343809789952.000
599655.764 617806.149 887750.471 3611.082 18552.059 5439.230 10000019066476229033984.000
166976.621 728407.906 491394.163 807.786 -863.037 -1811.447 9999998669994407755776.000
478255.351 422187.984 288370.429 988.485 1849.245 2509.659 9999995119926773809152.000
311930.384 397849.325 521922.361 468.565 1206.997 -156.461 10000002256795609333760.000
772679.485 632859.026 594142.470 -834.686 -296.372 484.581 10000010885909880766464.000
652089.474 713449.055 173869.631 -193.210 -58618.206 38620.743 10000009915103094767616.000
791822.180 152757.723 476214.446 -7954.387 5557.013 6194.616 9999997498658847195136.000
818411.842 87677.174 215737.258 -2283.736 1637.258 2041.851 10000001058178261319680.000
929524.665 884649.915 686322.226 -2547.631 -2281.506 32.585 9999999276477109501952.000
149601.416 561931.384 831278.163 2487.970 -25.581 -2325.375 10000002132516534222848.000
951731.105 885740.646 735188.141 -2937.230 -1858.244 -1018.304 10000012435153783619584.000
203353.977 466132.810 634565.158 1773.004 488.520 -2059.930 9999996471931868020736.000
522438.959 169611.640 521747.786 -799.856 1428.876 -52.589 9999997800184759189504.000
910703.875 892868.753 568826.470 -2435.477 -2527.610 223.795 9999984701582470021120.000
821830.293 498194.977 962354.750 -1529.246 -22.778 -2909.148 9999987914742765191168.000
948547.990 460587.329 293689.498 -3292.349 461.897 2810.798 9999993434734262747136.000
924636.364 151499.789 431948.282 -68584.376 137773.238 172815.777 9999990578959792209920.000
66972.671 485868.695 561782.866 11864.187 2071.431 2054.623 9999991427971455909888.000
569181.361 610881.113 817101.798 -1707.256 -1012.080 -1810.657 10000009110668712083456.000
146655.329 662347.193 100449.462 1381.097 -294.510 2376.673 10000001865349790171136.000
341713.443 598458.590 228078.711 1439.352 -952.565 2263.919 9999984807040755171328.000
219900.408 588303.937 344779.012 2294.982 -321.908 1278.758 10000004630337390903296.000
518993.573 458247.034 292364.722 -2019.086 -479.371 -371.346 10000010288540321579008.000
929192.645 151212.884 504643.694 -2797.246 1609.243 -29.282 9999984607104017104896.000
508953.023 595872.034 578809.146 2953.756 -1749.673 -1176.231 10000007241819100282880.000
161121.530 607717.800 144239.298 1693.187 -98.931 2381.807 9999992599771917320192.000
956098.578 457855.729 319555.280 -4731.587 455.046 -880.387 10000007043377415585792.000
783816.696 330543.102 267617.046 -1926.308 769.964 1483.905 10000003753913796788224.000
587475.915 753220.871 566385.421 -1376.288 64.725 -1645.895 9999994959959649419264.000
85896.254 281537.192 717884.106 2935.051 970.110 -1405.954 10000003321331657474048.000
987801.968 825889.832 660380.548 -30524.794 46372.021 -2181.086 10000000580491585519616.000
427547.498 211002.475 41737.483 -244.370 1394.140 3006.950 10000005896054702604288.000
963787.294 836453.972 732119.006 10558.670 15320.783 -1110.241 9999987260565288386560.000
413485.084 830567.735 691415.553 1124.706 -3528.886 -1442.253 10000004119681338179584.000
772108.247 676357.838 362178.161 -1796.279 -2118.335 1605.826 9999999817538447867904.000
619912.207 896710.347 807967.086 -9116.996 22973.294 17690.418 9999991965456950886400.000
797789.176 649467.433 619266.323 -1221.971 -373.113 811.567 10000014968170123100160.000
552792.317 296693.930 209127.542 -7217.979 3880.243 -1529.330 9999988070153021554688.000
240957.245 264381.524 769787.648 2129.379 1808.554 -1192.409 9999998151738274086912.000
669382.161 892686.239 828571.699 -1135.013 -2556.740 -1882.218 9999992698791109066752.000
708738.892 829554.716 646635.881 2588.818 -7896.124 13396.410 9999985620454605848576.000
435636.777 256429.934 327919.434 450.779 1663.458 2655.483 10000015215068429942784.000
465848.337 725872.796 630498.460 821.107 -1636.036 66.153 9999996957622806773760.000
245003.763 294297.768 417280.918 -6918.978 -1546.480 6132.600 9999999389880016699392.000
490268.010 532073.281 793455.929 219.782 178.147 -2511.156 10000005033505360707584.000
203570.032 168440.561 215007.338 1102.386 2139.627 1218.317 9999981873737098067968.000
571114.504 296774.648 153492.950 -314.969 1528.541 2581.477 9999997848157383819264.000
490954.648 679865.576 440700.152 -380.690 -1249.360 1128.589 9999993300795757953024.000
273085.252 422282.745 342829.732 570.616 44.488 -632.796 10000010587601696194560.000
622136.018 707568.502 817151.021 -1132.385 -910.504 -2164.748 10000007826893686439936.000
925147.004 703019.036 648109.222 -3301.804 -909.287 -146.646 9999996225052888530944.000
516294.309 687683.095 701185.547 -1096.829 -386.456 -1107.288 9999990933039368634368.000
707939.949 376737.770 316151.495 -911.995 -464.836 488.999 9999998954039393910784.000
166638.610 241595.818 205313.941 2265.306 2094.811 1762.826 9999992262494057922560.000
680302.280 610140.208 621163.108 -942.978 -671.204 -844.135 9999986737724000305152.000
890126.813 437841.338 812120.319 -2238.805 341.515 -1761.530 10000001851720097333248.000
191619.752 440473.794 388145.528 2166.991 213.894 315.790 10000002043956709818368.000
469283.644 732521.317 428131.220 316.255 -1888.669 1498.563 10000007948745568157696.000
436375.269 183868.419 800160.547 444.143 2292.610 -1464.819 9999994654069304066048.000
315412.188 848110.641 609292.651 1155.679 -2553.269 -361.512 9999993607448143331328.000
482895.823 304269.623 451854.649 177.243 1185.844 13.174 9999997419640944852992.000
182357.443 708926.609 485858.068 1182.247 -315.937 1416.957 9999989485276460220416.000
193958.782 438617.130 552794.726 852.348 513.092 -1058.073 10000007973877967749120.000
173554.320 324341.427 898996.062 2596.501 689.179 -1697.699 9999999440049359814656.000
251664.204 194232.097 699747.417 1306.873 2076.413 -922.561 10000003424224611926016.000
536750.390 568377.565 459019.311 -439.088 -620.578 627.470 10000005422850886336512.000
588613.864 205206.627 424495.850 -435.772 2090.153 440.997 9999984011400523546624.000
865431.835 435921.502 659553.288 -6282.423 366.570 -4242.745 9999999729109431222272.000
715587.217 247266.683 162710.019 -4103.864 77381.258 51036.755 10000004194058878582784.000
966772.598 490408.249 51580.407 -2945.091 -361.299 1999.177 10000005426761951084544.000
369103.617 642940.173 528956.844 1027.639 -1228.009 -219.357 9999996061921463762944.000
29425.342 943804.252 341829.752 1914.314 -1769.515 265.375 10000001583133143072768.000
763243.683 923531.984 904379.067 -2482.870 -4517.851 -2876.551 10000022833202146050048.000
264007.937 92295.075 468628.095 467.967 1948.764 432.498 10000004613125391253504.000
372538.281 932199.412 821601.418 1169.671 -2712.315 -1457.077 9999989174066326011904.000
714883.703 143863.484 212557.675 -1418.749 1843.680 1475.524 9999987528992901038080.000
573786.405 762921.097 564330.912 216.892 -3374.172 4509.402 9999998820339184304128.000
758991.882 898835.573 890606.552 -682.590 -315.692 -1356.952 9999995402439652016128.000
743670.449 505939.992 763596.176 -918.094 -29.021 -1841.815 9999999777906733613056.000
627077.830 36818.896 358559.554 -575.137 3243.115 608.811 10000003210867686506496.000
1000000.000 642591.377 222591.533 -2659962.783 -3574086.227 -337992.442 9999993608350776426496.000
513652.124 902133.329 804997.136 237.112 -3067.945 -1847.895 9999999977508279681024.000
258814.519 452464.701 520664.852 16021.853 -988.668 -1013.810 10000002856729549209600.000
392772.201 616383.631 303061.620 1518.728 -1698.075 1528.941 9999991925752415125504.000
323417.835 440239.437 196880.158 -1469.552 1455.588 1045.095 10000010212224727515136.000
910276.739 824471.531 495156.141 851.439 2556.198 -23387.855 9999995543768306548736.000
861359.417 745688.420 290621.781 -2156.549 -1195.919 2015.996 10000000534745094029312.000
361392.497 599951.586 480706.306 538.893 -1949.190 -142.440 9999982905252720410624.000
582113.794 817401.488 461704.934 1972.970 -3359.836 2210.810 9999999781487608070144.000
487196.086 765057.236 477814.617 278.257 -1465.418 835.014 10000000117039286976512.000
573680.412 767556.325 61037.248 -413.273 -1356.914 3326.248 10000005378054863978496.000
365445.312 270320.879 732427.342 1058.712 2071.948 -1663.958 10000002186084960174080.000
751919.171 588640.291 793277.704 -1172.580 -514.774 -2216.042 10000005093241133203456.000
294300.441 496099.453 825966.303 764.654 -116.008 -2830.919 10000000148374596616192.000
443532.306 658428.177 676557.914 182.189 -427.364 -1513.554 9999994004164143218688.000
770745.930 262851.917 397989.753 -1207.654 1500.403 452.133 10000002867149186007040.000
742124.287 632402.553 372247.569 -294.606 -80.656 -1982.259 10000008411814003998720.000
561380.276 743778.646 103158.113 -396.906 -855.539 2796.944 10000000023519912001536.000
124905.786 745714.845 448076.723 3267.475 -2034.872 1865.197 10000008751892995768320.000
519471.896 684087.570 269725.685 126.757 -2231.714 1595.902 10000003807857503895552.000
78623.364 291143.527 480737.050 3671.836 1082.727 397.559 10000011027150364737536.000
469329.920 560995.151 198324.815 -54.530 -941.598 3166.205 9999994216015141535744.000
219928.082 177922.038 848727.191 1253.140 2505.061 -557.317 9999994373371460583424.000
362246.733 564914.893 686518.012 752.855 -341.197 -1729.689 10000003722744338317312.000
760849.237 681382.724 715041.549 -30970.871 5435.679 11968.860 9999993138044924329984.000
694745.778 172745.298 261295.871 -683.686 1743.362 1284.870 9999995319279050293248.000
670882.520 345603.175 956807.445 -608.324 928.158 -3182.006 9999995189662226317312.000
372773.095 709001.460 936213.349 -9.078 -1462.160 -3335.961 10000010472026242285568.000
674866.596 793425.455 769106.319 -1482.173 -1000.369 -1869.314 10000011631271943864320.000
109881.048 93422.660 173423.775 1589.464 1475.672 1366.954 9999986767270428803072.000
153889.195 681125.970 535389.737 11090.135 -3007.246 -10381.062 9999995353756906553344.000
225446.740 696821.727 835731.854 1631.414 -956.175 -1791.848 10000004489313028931584.000
523613.635 109654.890 878404.142 2945.523 -164.972 421.215 9999983667053458358272.000
219675.553 139658.865 658200.857 1279.716 2198.325 -779.894 10000006245137030053888.000
482230.521 302923.602 419453.421 258.523 1428.175 1316.722 10000003816436057243648.000
787621.199 522295.492 698493.920 -1641.405 -251.080 -1406.696 10000001436642116108288.000
624526.573 768474.852 414859.732 -910.764 -1627.344 1606.620 9999993635718742147072.000
676306.599 678808.530 859820.911 -1650.968 -612.428 -2237.713 10000014006099332038656.000
605480.540 745741.587 543924.629 -2117.099 -616.678 758.692 9999982035548850094080.000
815218.587 91848.089 491493.298 -17.054 3621.284 -649.110 9999990124755808157696.000
401528.473 844276.703 218653.096 604.982 -2529.155 1504.175 10000000023429864488960.000
147962.657 653710.944 961531.878 1682.362 -584.827 -2655.221 9999995539062106619904.000
619546.441 914523.649 499161.591 -88.175 -4129.518 1016.331 10000010622889187344384.000
878756.991 854612.796 700731.317 -1758.034 -1940.764 -591.324 9999997425260118933504.000
806531.646 769555.109 559797.804 -1531.301 -1803.388 -78.628 9999989454908921217024.000
494912.283 594581.312 863074.425 617.971 -533.587 -3447.326 10000002477273504546816.000
891331.912 418226.858 45738.245 -1610.488 928.266 2629.982 9999991941602197110784.000
25517.730 683577.072 82800.627 2468.447 -98.496 1282.172 9999994747772576202752.000
320568.275 939271.730 391739.773 3478.789 -4736.486 -22326.214 9999991922985275490304.000
55686.825 102522.154 597544.745 2403.557 2104.354 -258.845 10000002543387045527552.000
158183.830 435916.485 368865.942 3487.660 383.908 1352.569 9999999702134148825088.000
956553.024 526252.582 262172.327 -3740.266 -1032.725 1236.225 10000007104940545671168.000
575365.733 830279.933 538192.024 -134.964 -2568.065 -268.864 10000002483511390896128.000
864585.509 573184.572 560889.361 895.549 -2435.270 -812.812 10000002722859724046336.000
681229.443 435952.763 170284.689 -701.753 -254.586 1856.743 10000015710788241063936.000
527863.653 279700.754 867577.588 -641.055 1870.739 -2366.088 9999998200378292174848.000
77276.155 195123.317 396039.433 2364.697 1313.627 989.301 10000001081137187258368.000
106436.482 954669.984 827857.860 1668.610 -2514.106 -1208.060 10000003470418952323072.000
779962.405 541325.881 174653.230 -35483.636 26923.459 -7836.505 10000011724648859303936.000
471007.508 309012.095 761718.247 327.941 2063.537 -898.393 9999989554878571610112.000
674907.388 278729.780 721597.553 -194.949 1700.490 -2000.159 10000002497369138528256.000
270359.215 420703.726 334691.904 2184.299 1085.061 3742.666 9999993705558869803008.000
432171.294 52060.404 44132.609 -208.917 2398.062 1915.542 9999981923669207154688.000
845543.586 313374.302 688529.971 -1743.999 982.182 -792.884 9999982580515756572672.000
51219.298 827535.249 574372.607 537.179 -853.117 -384.917 10000002311237796888576.000
853063.506 969606.964 696948.959 -1565.186 -2897.772 -337.010 9999994294466460516352.000
819490.695 376290.563 867074.494 -1750.318 651.987 -2341.247 10000001373075027263488.000
942048.955 526785.261 573618.292 -3477.394 71.862 -25.617 9999996910818901884928.000
501252.001 101181.095 724586.558 93.348 2743.712 -1324.964 10000003739455441600512.000
642160.909 68891.494 647217.045 7574.168 -15718.074 -37366.349 9999995511252749123584.000
304370.096 829244.621 185697.968 1161.806 -1951.231 1756.322 10000014827174653591552.000
526710.705 245430.051 560786.290 -245.419 1888.558 -924.805 10000004252485365530624.000
335117.443 625494.740 346748.426 -5068.279 16708.119 13145.335 10000002485740487311360.000
46591.592 722130.993 31162.531 1832.811 -530.911 2662.434 10000001804245833613312.000
385766.109 356528.126 944129.690 197.615 236.532 -3208.268 10000012831744952631296.000
622111.361 618666.139 527704.368 -1011.730 -941.616 -76.864 10000007396048909631488.000
737017.224 89887.077 592564.945 3683.561 1645.102 -606.400 9999997390457755664384.000
519233.424 689285.985 903758.502 -522.539 -1518.223 -2923.374 9999991105258390552576.000
276658.185 626799.020 586489.957 2002.088 -1338.798 -440.455 10000026387374883733504.000
935102.251 706334.743 792511.123 -3915.547 563.925 -1872.889 9999997140112106323968.000
645823.186 287001.471 361137.927 -953.139 1401.938 1156.824 9999994006604930351104.000
286654.803 962317.557 635565.521 1036.064 -3550.400 -531.952 10000004982464290226176.000
264204.407 467346.622 192815.500 2161.712 -93.614 1975.910 10000005714894166949888.000
203334.824 884671.072 398356.484 1746.674 -2108.838 635.306 10000002952176418684928.000
147449.172 331998.291 485676.404 2282.712 744.317 1002.815 9999999671558985482240.000
97260.107 27105.521 819942.865 1411.022 2118.824 -728.044 9999997401798218350592.000
258590.471 418892.880 460120.648 1670.386 655.808 989.744 9999985410072635244544.000
926182.261 103868.928 89379.691 -1334.132 1446.761 1461.593 10000008856286210818048.000
950937.221 562291.616 28331.919 -2140.816 -722.351 2329.898 9999996784286833311744.000
72436.378 812889.783 573950.535 2867.756 -4539.987 -1820.831 10000006249488358309888.000
742016.621 626833.881 392014.692 -101.216 -1063.501 2273.181 10000013080456989769728.000
520498.427 324423.254 905060.498 52.081 331.239 -3146.067 9999992831543972200448.000
372304.978 85145.013 290910.825 870.570 2568.907 994.541 10000001542168548212736.000
807632.537 67182.241 142401.492 -1488.571 2343.391 1694.281 9999986223993294159872.000
70200.783 817280.647 575668.427 4531.129 120.786 1928.255 9999984749039843278848.000
473037.890 942024.674 904580.238 -22.530 -2308.967 -2277.739 9999991683707123531776.000
248619.452 252671.521 920835.364 -2628.545 10526.811 -1984.088 10000006461333740453888.000
107835.956 237604.029 482222.790 8188.691 10772.383 10257.184 10000005966736945840128.000
416601.897 712900.563 569445.033 933.259 -2007.067 95.037 9999999907863268950016.000
244034.785 115742.265 381733.758 1001.916 2602.816 987.607 10000010586399264735232.000
200281.644 956199.720 389881.092 2945.899 -3144.299 -400.696 10000000661291479859200.000
49607.715 705162.421 412133.421 3307.828 -1029.010 837.668 9999980196973273677824.000
800818.039 907968.220 495179.880 -4002.994 834.436 7703.361 9999997313402875674624.000
223984.339 488760.062 156280.666 4952.909 18698.305 1265.426 10000002208613651185664.000
143682.252 283098.184 207734.898 3200.502 1651.469 1647.090 9999998407130554040320.000
22108.674 549002.700 24496.639 1964.176 90.193 1881.204 9999994903880777334784.000
364496.752 384086.623 686430.823 1224.015 3276.708 -1403.833 10000005009305663176704.000
431049.890 809951.486 786826.092 4146.492 130.846 -2645.966 10000003816081808424960.000
25294.589 772708.797 192238.180 2252.343 -1041.165 892.731 10000008680369924603904.000
743167.945 199013.907 312617.882 -1440.007 1726.937 783.521 9999995465147413954560.000
53933.749 5930.195 226041.177 5648.086 -7063.965 -9422.229 10000023020504675778560.000
825644.152 849288.892 885036.368 -1871.228 -1700.231 -1909.106 9999995027201269432320.000
262938.914 633730.186 430307.983 2291.652 -1036.428 1146.426 9999980506110610112512.000
438731.889 971675.934 176198.758 263.100 -2614.337 1300.495 9999992082557512450048.000
34148.879 492857.193 788824.524 3109.278 242.906 -1508.080 10000000248574424121344.000
175408.848 564881.815 763157.391 1949.077 -486.966 -1309.794 10000002643221052129280.000
19848.108 845872.932 941843.501 1923.187 -1040.554 -1570.498 9999995183172511858688.000
259517.451 825344.581 849440.860 -1082.593 -2136.399 -1874.204 9999992203085520830464.000
684315.151 931980.813 36891.435 -488.655 -1767.676 2201.906 9999987321073735565312.000
583585.258 446451.431 565171.784 -842.256 909.379 412.836 9999985437587565182976.000
817943.691 290136.670 467533.568 -2089.558 1153.304 137.328 10000003867948376653824.000
105150.700 478960.928 700550.184 3126.588 283.492 -1025.680 10000002925073308581888.000
732722.149 349040.369 297682.430 -1624.961 1193.595 1256.031 9999994593116319383552.000
728178.424 538497.775 876025.196 -861.982 -424.674 -2860.129 9999986878440397602816.000
223851.305 385112.840 511040.025 -1590.157 -2327.319 -9736.377 10000001053686149152768.000
483801.544 839968.786 811280.389 174.652 -1799.985 -2381.599 9999988426202803077120.000
103762.550 203661.700 660031.947 2735.788 1960.090 -1508.157 9999991584493576126464.000
460938.648 568282.434 767818.450 958.411 125.581 -2022.729 10000012145232317513728.000
431162.507 253676.127 340945.074 1313.506 2412.708 -612.609 10000006529977570820096.000
82992.723 618092.413 950794.904 1658.902 -412.069 -2105.828 9999985315483960213504.000
534285.752 306940.099 60839.203 -20.158 1044.426 2898.476 9999991856289986641920.000
393289.163 32229.346 424595.092 419.760 2964.861 506.912 9999992160162035007488.000
102744.231 853005.942 42537.289 9906.927 3578.305 -4247.799 10000002639134944395264.000
878587.487 68902.509 923329.350 -1269.481 1925.146 -1445.541 9999990357489954586624.000
661985.249 41574.286 169042.474 -491.783 2868.531 1239.260 10000005079516365979648.000
102301.357 489093.481 217303.946 2231.617 -163.030 1289.096 9999975635240471232512.000
791696.596 702479.685 957927.869 -1121.660 -447.490 -2722.812 10000002349109692334080.000
307079.995 187275.469 52426.166 749.459 1419.061 2750.069 9999995132672884080640.000
639254.825 760692.297 267742.706 -8772.270 8168.694 -724.209 10000002523566734049280.000
306087.216 830961.828 954303.081 1118.666 -989.469 -3186.739 9999997024481128218624.000
635647.473 901354.490 101798.418 -1031.357 -3167.743 1462.406 10000002377282989588480.000
644216.441 674651.377 880238.394 -506.784 -455.890 -3028.138 9999997923875633496064.000
316558.733 237027.180 772655.645 1164.434 2407.294 -1585.683 10000003052068524785664.000
88831.559 410653.438 203572.763 1983.619 198.184 861.825 9999989085986539700224.000
176912.526 612543.430 189126.591 1722.347 -722.640 1424.876 9999988941623601922048.000
397253.112 641418.906 941332.387 134.455 -174.961 -3574.460 10000010653816076632064.000
221803.633 642378.797 309833.372 1906.645 -432.801 2517.042 9999996396011819892736.000
801014.951 907994.809 494319.547 529.514 -6475.353 -6099.324 10000007320179142819840.000
106274.506 806177.941 836827.824 3313.586 -1250.248 -788.011 10000000134275861053440.000
359827.070 302097.904 961762.099 481.089 961.520 -3438.701 10000008775343349432320.000
211824.377 213532.769 894518.318 -4735.754 517.538 4128.300 9999995124789119287296.000
624240.030 229560.805 56575.347 -693.064 1797.976 2421.387 10000003033097675210752.000
234371.634 895418.719 884763.656 1225.982 -2516.131 -1896.464 9999982044519138852864.000
235321.998 172621.332 918002.522 1716.874 2225.616 -2290.935 9999997902933807071232.000
794679.188 492776.545 852739.879 -16200.754 -13455.442 -2805.586 10000000897301287534592.000
67377.834 477489.060 943536.954 2128.618 352.886 -2013.837 9999991957746144509952.000
618112.771 969900.783 901169.760 142.820 -3037.160 -1506.194 9999995193528885968896.000
756903.403 729279.280 599341.936 -1223.837 -1525.967 -290.462 10000004424068983947264.000
221150.532 655695.690 325822.261 2241.240 -1952.980 549.177 9999998347646257332224.000
757649.577 927637.603 290756.932 -1632.114 -2624.199 806.190 10000001280026800553984.000
153552.320 725595.023 480992.528 1524.157 -4382.797 8.951 10000000966919750418432.000
131598.476 840921.360 813223.530 1829.658 -1897.104 -826.731 10000008523775406505984.000
443467.721 499986.663 166683.580 438.830 409.811 3050.683 10000006220871054131200.000
497134.583 936968.353 674762.906 459.666 -3656.978 -1218.197 10000001470511909437440.000
419318.403 607930.473 293298.746 -38.894 -1269.664 2070.137 10000010762889052815360.000
753640.657 274966.511 252347.710 -1243.785 1209.088 1714.317 9999990201941856616448.000
201691.786 580839.293 449450.888 1616.819 -1379.478 1503.037 10000003404500276609024.000
490408.881 0.000 301253.511 144127.274 138542.117 30497.615 10000012018938604945408.000
960435.923 655458.136 707649.461 -3911.494 -14990.170 -13677.980 9999995792317409656832.000
523786.919 796523.131 718046.744 -566.569 -2070.852 -1338.013 10000002841730934112256.000
215322.143 384891.642 953321.250 1603.565 -167.179 -2968.872 9999999168299097128960.000
278868.197 372079.634 378794.115 1283.582 1203.483 968.045 9999982787547803680768.000
499267.616 658768.411 921052.135 -75.088 -505.709 -3706.000 10000001708814977990656.000
879394.450 317584.651 796775.350 -1335.045 1050.978 -1318.342 10000001263076120723456.000
940266.141 764455.387 325271.072 -3170.585 -1396.668 868.983 9999998991598480261120.000
42755.627 943757.638 284295.817 1665.938 -1774.626 1028.255 9999999897323675058176.000
891449.275 781514.957 283774.122 -2834.801 -1879.032 1811.389 9999997123855233581056.000
547720.882 326460.628 211792.983 288.100 771.752 2166.176 9999993876030754390016.000
820997.793 586360.525 281366.279 -2003.432 -104.873 2047.986 9999979240800619855872.000
832621.694 771632.745 936738.843 -1537.946 -631.935 -2785.594 9999997558962740264960.000
609013.717 785315.579 467097.797 -1345.185 -970.759 746.382 10000001042573193904128.000
916164.071 99045.024 978298.309 32065.112 12033.267 2999.782 9999978520982381920256.000
806668.882 769042.991 42771.625 -936.321 -1372.345 2506.007 9999987174414623965184.000
888740.272 338014.282 446113.815 -2582.380 1091.034 556.692 9999993721063447986176.000
889288.198 19037.679 74505.308 -1101.216 1804.093 1395.777 9999993327668386856960.000
805608.505 887367.477 541289.870 -1870.231 -2413.599 -349.016 10000010967446930325504.000
462545.884 345647.458 775966.089 759.002 -581.154 -1059.478 10000003622551381082112.000
730563.087 640019.783 157383.976 -1332.849 -910.827 2156.380 10000006449610639802368.000
526724.384 319835.335 369708.254 8598.382 -16240.950 -6087.599 9999997097784708694016.000
919471.238 644261.882 645085.842 -3724.918 -237.522 -42.547 10000000633343743885312.000
324063.422 452974.597 743411.300 855.218 896.088 -1975.083 10000024745560277778432.000
939552.254 501190.976 258789.490 -2388.925 277.808 1751.460 9999987833354800070656.000
715753.669 101116.967 783507.265 -1129.296 3520.578 -1105.241 10000013913909828255744.000
664177.869 131029.758 731686.713 -540.696 2249.509 -721.401 9999989261548461752320.000
737862.411 729963.461 456097.168 -1234.036 -1945.025 285.792 9999996523337138307072.000
475207.136 436608.043 152427.747 110.209 737.113 2931.753 10000022161613318520832.000
730720.120 400405.901 704566.137 -552.606 8332.962 -1611.473 9999988981358999371776.000
886509.301 499553.393 396564.614 -2477.934 -355.018 891.657 10000001305585605672960.000
762227.044 625694.658 410448.805 -2577.497 185.857 -700.067 9999995388094224269312.000
424083.104 250070.685 700074.230 -217.318 1950.336 -584.836 9999988760468713897984.000
312741.581 310648.810 421012.996 396.745 1453.310 550.901 9999989578153628532736.000
491289.070 471578.400 868013.677 66.445 282.597 -3657.945 9999991579450196099072.000
758821.784 917368.162 899864.791 1373.025 -1927.853 -1794.803 9999998308706108309504.000
800477.422 664025.749 416729.674 -1703.186 -795.973 215.927 10000006109491531612160.000
862259.416 384436.602 288469.277 -2105.067 602.732 972.300 9999996593559482400768.000
837807.779 666163.825 681659.832 28434.757 -6350.125 -13759.655 10000003912302508113920.000
371380.684 449195.558 624842.766 356.559 715.459 -359.756 9999993053454585036800.000
990981.112 292544.470 411296.847 -11327.519 -12574.609 -8097.969 9999995751717664718848.000
147489.072 498682.168 418234.083 3237.227 86.092 1126.419 9999989575897921355776.000
473041.358 722321.453 166155.941 1082.880 -644.446 1676.144 9999983765459419791360.000
309603.495 400886.114 158962.030 962.272 1205.014 2850.621 10000011264546033369088.000
84089.730 528051.276 566360.545 3929.584 -1189.308 -857.874 10000004978118890618880.000
613546.518 387666.493 749681.081 -734.324 458.151 -1948.396 10000015149893293178880.000
715666.955 382426.021 863069.921 -769.649 954.722 -2239.454 9999999958247263961088.000
210319.743 952821.117 383504.276 -177.994 -2428.625 1614.638 9999993939419706949632.000
406323.561 426701.312 235234.779 7831.466 -19277.004 -6956.585 9999998764143832203264.000
828371.888 648778.123 312083.314 -2867.332 -1145.865 1755.959 9999991878479490580480.000
824927.460 747110.634 94754.279 -1246.770 -1216.440 1557.715 10000011634915344908288.000
548777.578 127896.480 848363.695 -936.063 1631.194 -1065.910 10000002126701249167360.000
461356.069 751224.016 271920.676 285.895 -1855.746 1538.566 9999990609841091510272.000
427035.105 876856.269 82428.090 173.929 -1989.608 2457.352 10000007963347586646016.000
446818.054 875958.274 754512.768 355.239 -2780.229 -1196.118 9999982751925892284416.000
104766.113 34533.633 114629.050 1143.990 1884.920 1621.852 9999999019688407334912.000
757747.095 537611.728 128434.729 -1347.285 219.821 3295.984 10000002086261393195008.000
350213.487 293432.614 840439.653 6577.168 -1248.120 -10629.752 9999988550836724695040.000
62883.772 374263.681 125026.663 2704.701 616.489 2539.112 9999991336847217262592.000
806443.395 657038.143 630292.957 -2963.185 -1974.855 -954.872 9999991303547490664448.000
317078.832 365656.369 912989.047 -59678.905 -8497.748 -23800.276 9999993973271108255744.000
126511.576 282996.227 466655.589 2393.558 1726.712 1016.167 10000009535283896778752.000
174831.807 623053.476 562273.897 1734.738 -1132.199 -769.350 10000013847784666955776.000
173698.881 567868.746 465960.902 807.318 32.948 -1252.390 9999976440112661659648.000
790100.426 307231.871 531423.596 -1756.084 1090.453 -257.775 10000013430020202561536.000
457962.584 748847.815 524560.304 669.223 -2103.364 173.287 9999992679584430555136.000
283058.787 34898.174 584294.335 759.110 3372.893 -928.303 10000015083183301197824.000
960727.421 805145.272 840372.797 -3810.819 13152.089 11286.141 9999997837620784660480.000
110424.198 224069.838 631855.871 2512.265 1324.607 -643.308 9999995976348594077696.000
678871.638 44261.725 767673.148 -3210.282 5693.642 4996.784 10000007894353238294528.000
318348.937 185139.247 511747.159 886.966 2256.848 138.289 9999992310566364381184.000
598693.107 199525.999 739079.547 -746.200 2225.639 -1019.083 9999999632893563371520.000
174437.081 572403.386 462306.685 5420.899 843.660 128.227 9999991581312100073472.000
336395.524 382608.390 623089.981 1038.637 1510.678 -272.751 9999995972780262686720.000
519156.906 431644.195 643945.657 156.371 1447.452 -356.565 9999992050963439419392.000
882090.930 787373.963 682545.804 -6153.192 -6571.582 23637.046 10000010098679908139008.000
522866.961 534786.257 367490.672 -850.355 -297.081 1504.064 10000002879400934637568.000
519252.380 613610.685 815998.978 134.922 -1558.775 -1795.364 9999993868671292276736.000
877567.763 136978.709 288145.418 -2007.768 2036.374 1319.181 10000022469499336785920.000
136876.152 937458.314 511377.939 1731.308 -2476.922 160.112 10000023584528375218176.000
178887.357 527857.432 959341.927 1646.975 58.791 -2737.582 10000011411544996839424.000
405931.569 450170.624 278997.777 884.018 962.415 1684.131 9999994543999650103296.000
836467.380 168885.318 889858.320 -1461.160 1848.601 -1558.717 9999999330028957466624.000
738729.288 945734.187 272585.554 -408.356 -3056.425 1771.840 9999988238172880371712.000
248860.537 147122.387 932689.441 446.610 2894.996 -2641.164 9999975670896587177984.000
234377.680 976106.151 910429.776 -1844.003 -2617.239 -21518.771 10000008776113627070464.000
234754.234 580988.731 644023.912 1956.111 -881.352 -1742.429 10000007583988405239808.000
364692.026 287133.134 559507.139 1058.353 1789.534 -495.175 9999988753415205289984.000
496009.891 741603.151 147252.253 1963.780 -534.150 2797.596 9999985949987898916864.000
178101.282 866983.600 737002.673 -36210.733 -23325.667 -65850.103 9999986066585947209728.000
561777.332 323434.593 920893.227 -1045.649 575.879 -3233.207 9999987135118196080640.000
618736.374 673141.628 449467.864 -787.442 -1095.129 736.292 9999990656237593165824.000
961420.325 397287.272 225920.360 31759.456 -26475.879 11159.568 10000007961423034449920.000
777418.865 893211.636 817459.397 -2233.892 -2902.323 -3074.799 10000003920764342370304.000
370119.564 561061.603 580648.210 681.676 332.537 -195.021 9999992919716559585280.000
763165.848 103287.030 132812.505 -1309.680 1397.091 2382.196 9999987050792500592640.000
321687.990 338912.988 273002.549 1039.507 1299.418 1757.144 10000001149954494038016.000
321430.721 404776.406 911424.783 732.324 118.354 -2839.775 9999988386120087896064.000
627119.534 275192.483 246277.235 6325.405 -93.624 5249.178 9999987403415709810688.000
291675.973 783835.956 534093.926 1337.584 -2473.150 297.579 10000008941334622633984.000
307304.316 694171.684 885841.543 1899.243 -1661.653 -2094.421 10000007378949971640320.000
458831.052 752293.526 626848.996 457.586 -3019.312 155.688 9999995859058844237824.000
363247.574 771810.379 796277.849 -2979.057 -3872.634 -1629.278 10000019743359004311552.000
405750.841 211389.442 688773.701 831.488 2852.908 -636.641 10000008045044504199168.000
313256.735 597008.102 618180.324 1967.411 146.120 -796.188 10000019254930183290880.000
255572.061 277312.357 898997.079 1426.217 310.789 -1879.506 9999997755828645920768.000
482376.905 536249.006 299965.935 -921.067 -1008.228 -208.569 10000002537410344779776.000
915731.408 253632.994 191305.769 -2118.245 1279.520 1850.528 10000007260593834688512.000
529981.222 858281.339 84924.037 -31759.756 -26539.689 106203.971 10000003351839571443712.000
377383.640 670366.052 681452.611 1238.795 -1045.594 -1598.508 10000008500393438871552.000
614735.754 612655.574 256065.951 -1150.061 -280.696 1882.322 10000016536007522385920.000
572355.133 864770.579 770442.635 -624.335 -2189.809 -724.700 9999996495060306755584.000
130941.043 287561.118 673093.653 2360.630 1063.312 -1139.438 9999992655664906240000.000
84957.752 509521.909 555339.335 3872.204 521.198 632.456 10000002163885129859072.000
338267.431 290275.669 742769.849 1430.584 1144.727 -1663.731 9999995010677649440768.000
580577.753 205067.214 265181.531 -7295.806 48976.981 102132.800 9999981439543733649408.000
134499.029 161439.131 859217.116 2938.251 501.983 -409.134 10000015891258706755584.000
550105.868 870374.700 784081.288 486.397 -2382.413 -2082.340 9999999755700018348032.000
221601.019 850953.615 648060.824 2149.549 -2567.729 -107.820 10000005983384534777856.000
425770.646 53336.054 301967.120 310.039 2974.764 844.414 10000000879490154627072.000
417645.929 117912.904 848627.822 698.716 2524.458 -1492.730 10000006992357427773440.000
667435.197 91606.916 516319.180 -813.530 3195.878 303.944 10000009566858845880320.000
685439.763 199673.333 461930.076 -1144.660 1865.360 114.817 9999986474256630284288.000
458271.610 148021.442 946195.156 26.109 1704.017 -2678.784 10000011637200263315456.000
797391.045 490996.731 530943.406 -1361.347 876.933 303.828 9999995881039736078336.000
316246.057 300300.699 339798.203 993.474 1796.922 1390.136 10000022807629845757952.000
973838.652 464021.206 944843.358 -2226.062 20.607 -2168.564 10000013461794626469888.000
78773.561 60012.891 877358.728 1765.919 1715.701 -1216.638 9999999739566739161088.000
363189.767 187777.463 221867.648 566.054 1740.446 1365.181 9999981682204180742144.000
561200.784 364484.666 38568.954 -239.956 334.430 3329.635 10000002229645669826560.000
188481.408 898726.678 44241.830 511.134 -1894.622 2121.304 10000014480373717139456.000
882795.208 667922.778 585490.449 -2886.099 -948.498 415.531 10000004974537309421568.000
510566.790 301950.665 687458.748 -232.984 1063.493 236.431 10000011923773420732416.000
720472.465 437194.268 448405.530 -1629.228 718.748 659.803 10000000620451321610240.000
519487.173 379064.205 467508.960 -401.520 751.681 327.937 9999996941731683631104.000
67163.191 223866.144 841653.231 2456.508 817.341 -1504.346 10000005915124409827328.000
62026.862 172981.155 31915.965 1627.824 1117.136 2144.129 10000001037573101191168.000
623712.940 870991.506 783892.017 -373.933 -2978.970 -1013.499 9999997757776455532544.000
916417.106 92769.214 624942.315 -2239.825 2171.934 -453.901 9999990284856858771456.000
896001.145 730644.133 794151.022 -1119.953 -1458.519 -2459.989 9999990909351720124416.000
242665.631 867606.273 583889.504 -7634.568 15320.466 6353.412 10000009613808647536640.000
125511.970 448995.494 593231.708 3071.457 645.440 -117.595 9999994398518955474944.000
548495.644 63243.455 784722.064 -271.773 2829.410 -839.157 10000011964469930360832.000
968065.954 286113.071 585427.510 -3044.635 1364.488 -104.059 10000002352036133732352.000
247507.280 790901.545 766840.486 2047.456 -2016.533 -634.254 9999990925937172545536.000
114587.412 759470.002 28596.150 1092.359 -894.575 2345.454 10000004077911141253120.000
395837.690 639401.338 385776.113 -529.056 -1497.717 1410.574 9999995299472861036544.000
710668.459 235936.653 853118.073 -1019.799 1418.869 -1977.481 9999991214024238825472.000
647019.897 39363.740 77153.010 -645.091 2116.285 2187.878 9999999667619168780288.000
592738.743 264094.949 727251.243 12421.529 -1527.462 247.071 10000000756860934160384.000
300517.317 640795.296 437218.925 1264.035 -1231.617 653.062 10000003904283812560896.000
672091.650 126172.939 195481.530 606.668 2382.937 2394.043 9999988302583913512960.000
645131.780 752932.467 269516.650 7099.255 -11223.241 3775.490 9999999625343627427840.000
272491.390 901537.741 288601.185 -2477.624 3426.411 -5985.891 10000001427447169941504.000
697382.063 414576.614 142613.632 -858.016 830.394 2535.798 9999987152947570016256.000
521129.547 480062.629 651081.067 71.332 -59.065 -570.365 10000009572532545912832.000
113934.431 76282.092 190725.504 -2239.361 16736.397 3572.717 9999990298187877318656.000
264636.851 860509.134 808105.827 1090.526 -2856.600 -829.805 9999999778823354712064.000
298285.590 604246.600 69248.915 836.922 -195.494 3100.533 9999985670292026425344.000
125017.651 120624.764 694124.127 3719.535 1782.736 -2754.764 9999999839924987625472.000
190188.114 241459.791 238217.298 1226.801 2147.612 60.130 10000003532041681371136.000
817739.065 820547.142 281168.145 -1721.186 -1925.271 2670.174 10000000727692710248448.000
554373.139 448567.106 596522.707 17683.014 -4922.889 9831.524 10000007558175188320256.000
664629.988 929173.984 436294.251 -1586.364 -3515.610 924.525 9999990455788688637952.000
67300.982 348687.837 325782.099 3140.895 700.843 887.569 10000000455603315015680.000
373015.196 627443.928 185219.099 694.763 -1204.818 2605.932 9999994983845728354304.000
127430.522 27081.040 190283.590 1110.785 2635.122 -25.776 9999992232157200252928.000
636198.985 928165.934 406056.845 -5383.295 3085.173 -13034.205 9999996983247699443712.000
289869.852 744826.254 782756.517 968.927 -962.607 -848.293 10000002367049976250368.000
126838.021 329084.508 347816.543 2462.819 1200.010 885.697 10000001838263159488512.000
752889.430 239057.190 779416.813 -1894.500 1345.748 -1524.385 9999997016745334276096.000
466346.886 590479.219 757117.318 103.663 -1640.082 -1276.092 10000005320276541702144.000
524536.900 334404.602 764030.606 -6022.851 -17647.493 -10301.834 10000015889618964578304.000
848029.467 690007.241 166661.544 -1954.592 -1088.425 1868.486 10000011473204447019008.000
759394.554 694267.962 321724.903 -9194.327 -20561.454 2651.812 10000000194457467092992.000
325108.186 846623.091 948195.846 -303.028 -2296.332 -2387.085 9999994132188979265536.000
511363.473 157359.836 521526.328 1159.170 3756.828 -13.359 10000000925432790646784.000
422321.960 563347.554 504953.696 228.821 415.200 -98.374 10000007262092109283328.000
921054.677 373999.517 205254.031 -2487.482 658.519 1486.935 10000006722141141598208.000
308050.446 51303.942 538156.445 877.077 4390.018 -373.237 10000013377016959074304.000
580625.492 810907.091 871808.427 -318.284 -1325.420 -2749.431 10000012183233819049984.000
806681.074 815512.878 899661.091 -799.748 -728.080 -2613.450 9999996275620967350272.000
932701.379 683208.817 946664.408 -1916.118 -428.008 -2215.307 10000005518015309283328.000
809464.117 80967.339 228511.911 -581.837 3066.054 -67.118 10000010826058494377984.000
472077.103 188599.874 312792.590 268.082 2430.975 1124.275 10000001099354616102912.000
325758.734 657222.335 392406.309 1486.872 -1786.952 1706.602 9999989481529734594560.000
321013.117 513154.922 740431.429 949.023 -543.483 -2334.279 9999988454730495950848.000
785551.495 51739.631 680068.218 -1510.945 2832.388 -675.071 9999980407275237933056.000
623561.921 959267.081 532789.653 -460.568 -4032.761 -98.453 10000000517472572669952.000
952320.767 522809.477 356249.101 -3260.233 -557.871 492.723 9999996193072085991424.000
540878.626 275049.710 523450.241 -878.219 871.456 -542.445 9999998790347293458432.000
200085.192 901874.868 951683.173 1302.376 -1778.399 -2343.253 10000008137679118008320.000
895554.149 208494.830 302386.141 -2900.220 1190.693 616.831 10000005166741097283584.000
431271.544 686693.583 822969.402 268.819 -1131.230 -2247.703 9999998789973350285312.000
601597.914 774527.900 600955.377 -1090.498 -2039.995 -1504.733 10000001820749260128256.000
55782.814 181223.475 775659.843 2506.935 1391.619 -1008.564 10000008092137100935168.000
664484.929 364393.323 657602.003 -1679.975 1743.239 -304.477 9999993045331904299008.000
58529.967 200744.850 458916.078 3100.732 1582.976 42.506 10000014687354451132416.000
875170.368 701558.827 334232.016 -3282.701 -991.861 1293.871 9999993147028504838144.000
841339.497 798723.550 853733.540 -1590.309 -958.288 -1806.453 10000005463722845798400.000
507740.058 845947.118 557748.583 733.387 -2898.812 -15.970 10000013087465531244544.000
358051.300 596113.846 630462.430 352.687 -139.094 -1190.708 10000008119392130826240.000
538898.783 565234.210 866655.444 -483.753 -143.757 -4285.631 9999999101149214932992.000
744462.425 625247.019 376393.471 -1178.256 620.870 1615.684 10000006487128768774144.000
355209.387 694223.342 453265.602 843.660 -1939.034 1400.196 9999998719012611555328.000
445121.759 941227.916 635704.019 1009.323 -3366.720 -152.764 9999996877342160977920.000
79726.524 113833.144 324361.545 1697.695 2049.626 594.519 9999997472147089915904.000
241758.640 819181.727 852293.276 -3809.865 562.362 -2574.015 10000016596429900349440.000
464592.423 322980.982 350695.287 166.089 1152.395 1024.928 10000009597556591951872.000
954971.237 148569.653 113429.135 -2044.589 936.120 1277.315 9999997534447041773568.000
538289.800 634242.156 276978.498 -1482.384 582.405 754.882 10000000811258727104512.000
651595.574 705822.442 926114.458 -820.898 -1042.014 -3361.783 9999987891418609745920.000
392503.027 153950.986 604781.782 1082.530 2410.495 -312.273 9999994479733295284224.000
844075.661 694126.532 745809.580 -3249.782 2497.049 -2034.143 10000006331584512786432.000
879863.600 641260.308 612913.129 4689.945 16480.535 13538.089 10000010618945581088768.000
498246.521 466064.201 565294.990 -17591.157 6109.084 -9787.934 10000003816437971943424.000
560934.645 143242.615 270158.555 -219.932 2296.431 1900.815 10000000395653396037632.000
25561.693 619121.693 969249.367 2423.209 -750.568 -2434.864 10000004827607560355840.000
525471.699 107303.401 880014.928 -3915.228 2910.421 -3159.564 9999989441751018373120.000
95425.628 701328.497 400920.789 3411.052 6357.281 -11192.107 9999993926679386914816.000
967175.544 74991.229 38279.612 -1551.545 1264.131 1602.199 10000014681992794734592.000
859640.644 765340.194 488237.245 -2713.633 -1655.732 975.530 9999998166291756089344.000
46835.536 726462.103 67692.225 1981.795 -1037.454 1147.760 9999983424571862679552.000
621713.841 930502.625 957873.606 -423.120 -1650.905 -2804.553 9999997307760874094592.000
660203.341 503337.250 253605.286 -1161.659 -65.270 1817.359 9999983303998346100736.000
572999.384 938548.244 224580.137 -276.810 -2697.355 1199.688 9999997892480232062976.000
525395.483 437563.386 678529.432 -317.470 955.707 -1816.690 10000007974182050594816.000
910454.120 812323.449 494067.206 -2969.278 -1721.102 925.965 9999998256434101878784.000
125880.717 725785.480 740035.161 -28156.833 617.831 309.297 9999999858015750586368.000
348910.222 376232.870 773253.056 990.889 773.660 -2148.376 10000002172820691877888.000
142146.485 304429.383 530856.952 237.654 2223.206 1349.383 10000015005517007028224.000
966057.380 288758.166 202007.870 -2935.905 801.976 1478.967 9999989391277441417216.000
72516.893 157107.884 273575.434 2196.661 1276.556 953.904 10000019121931531845632.000
915138.498 707485.013 799703.835 -1730.112 353.430 -3122.323 10000000369597012246528.000
448100.059 791684.388 650482.216 259.983 -2884.058 -361.213 9999993597639241236480.000
299137.979 394122.835 36002.242 878.276 384.580 3064.061 9999987279762240307200.000
797051.803 621986.863 306439.391 -1662.518 -843.490 2355.709 9999993917980276686848.000
853937.835 518263.412 504781.627 -2738.325 311.455 600.936 9999987392087152656384.000
314132.054 63145.632 531419.382 -329.669 1548.000 786.115 10000000880204050333696.000
761749.486 567308.747 739563.159 -14809.563 -18376.056 -277.745 10000023358819404873728.000
287578.618 306248.270 411654.902 -9144.704 37793.178 -41007.446 10000014921630492917760.000
331599.926 159120.712 195537.494 882.522 2162.874 1634.896 10000003606164304560128.000
82326.073 946457.052 747568.727 1905.033 -2257.066 -396.338 9999994021961902587904.000
792644.315 183332.827 934627.854 -849.178 1697.401 -2450.421 9999983555093056192512.000
72437.609 405189.363 163876.534 2537.323 -91.999 2102.249 9999994651946455662592.000
600772.973 56944.385 924669.477 -943.436 2147.339 -2147.080 10000001469097386704896.000
290567.777 708123.153 89340.954 -38.158 -1646.003 2742.061 9999997521350201704448.000
377712.615 972128.546 974555.946 384.904 -2014.393 -2128.011 10000010697006414561280.000
418757.349 811634.833 674547.825 1334.924 -2111.444 -297.415 9999993804936328511488.000
896848.059 190563.912 259877.811 -2415.879 1573.133 1685.631 9999998369793046478848.000
888340.767 520223.706 52705.320 -1115.362 -171.501 2818.421 9999990187970573369344.000
948829.842 457554.176 309246.651 -986.391 1150.898 399.928 9999981680553399156736.000
474577.059 757132.390 694410.948 -114.668 -2220.099 -1186.396 10000001006946723299328.000
710858.233 916604.773 583498.665 -1239.969 -3209.626 297.801 9999997131369375334400.000
621047.369 123170.845 325061.740 -867.828 2692.778 1138.311 9999997301715915243520.000
782116.314 478829.712 682160.431 -1830.273 752.239 -1017.175 10000008457957616386048.000
892524.274 434929.814 685823.033 794.546 138.468 2448.037 9999982467711145869312.000
797449.770 714661.815 1000000.000 2658165.913 3573310.105 -337110.354 9999984860868359749632.000
291108.801 806771.214 287989.818 1695.198 -1312.453 1276.242 9999998887265883389952.000
691186.026 258123.455 753071.367 -1307.976 1915.990 -2410.148 10000001244440580587520.000
305758.781 460512.577 123779.993 1004.406 67.136 3432.700 9999998881021690904576.000
500048.153 41697.851 167426.826 149.621 2500.692 1350.341 9999999017584957587456.000
325667.199 444015.070 192671.363 4418.265 -2017.661 4181.888 9999996405482950492160.000
839216.496 553583.792 688330.513 -2643.257 45.278 -1187.737 9999987421810270404608.000
580602.437 529899.410 866306.630 -1458.830 370.987 -3601.137 10000025098029610565632.000
479111.168 568550.809 313582.375 -579.778 31780.995 19925.769 9999994884530127241216.000
288102.705 193134.093 105522.000 686.545 1342.150 1591.755 10000001526058710990848.000
591951.687 515188.309 179862.064 -877.032 -254.588 2707.327 10000005723310927118336.000
904046.727 236973.362 640739.328 -2537.593 1574.956 60.852 9999995944423548518400.000
826138.608 133260.356 484267.767 -35712.300 111360.815 10043.151 10000008332403693060096.000
433874.546 834074.365 187103.479 -71.062 -2119.685 1990.008 10000018358071067672576.000
325555.769 888448.415 549388.602 986.534 -2945.171 319.302 10000002586349190250496.000
283536.845 105447.927 194873.286 940.166 2502.595 1331.988 10000001758477319929856.000
584149.133 724963.349 802625.885 -217.938 -1334.401 -1997.224 10000000429164089835520.000
822178.200 165796.430 498972.425 -2280.539 1128.811 -1007.842 10000004511563830525952.000
789154.585 207743.918 52194.564 -861.736 1236.718 2906.492 9999992127254360489984.000
876190.719 222635.689 44176.174 -1492.893 864.062 2204.284 9999996635551042109440.000
396808.946 193056.333 84929.068 405.211 1720.145 1694.355 10000000184938273964032.000
846035.974 188827.621 628182.269 -1842.160 1819.456 -382.803 9999997753103348662272.000
658812.960 383078.540 647932.258 -884.720 -318.564 -199.171 9999989394430463311872.000
505390.839 746143.136 144973.407 -1358.455 -2700.303 3085.010 9999999627043853565952.000
239461.251 35474.756 423449.830 1178.852 3175.896 914.106 10000000796021300920320.000
516377.057 104253.169 287162.568 359.569 2987.969 1261.328 10000002370091515641856.000
427633.630 195808.193 267268.358 545.199 2205.645 1672.755 10000001340715210637312.000
793611.728 660893.856 727871.055 -585.273 -181.299 -2779.094 10000011237000503885824.000
109367.750 844883.005 293321.362 1916.215 -1676.257 996.645 9999993871259721007104.000
727672.653 242196.445 517883.609 -1322.846 1473.722 -192.726 9999983937573089181696.000
485848.897 796548.731 467806.891 796.727 -3297.000 1344.597 9999993911431147814912.000
649589.492 850202.600 86747.601 -2270.898 55580.543 -34110.624 9999999418392150802432.000
714246.134 118638.841 480834.879 -1086.147 2584.887 393.558 9999998768972837158912.000
537077.747 259418.335 523349.491 -7361.093 -2724.830 8418.063 9999992636440091557888.000
245221.164 692907.914 146874.575 1684.523 -1830.988 987.522 10000003129470607163392.000
329033.360 451267.476 187696.535 -606.044 1740.904 1182.097 9999995960871853490176.000
535494.835 503508.823 682788.775 -919.089 -355.347 -1339.215 9999999250940727132160.000
243549.309 716102.994 659786.874 1815.515 -1739.187 -572.542 9999997293425837735936.000
795030.863 220285.760 89465.738 -1209.989 822.873 1802.469 9999996926542565343232.000
440395.007 112463.244 646121.606 1081.824 2854.872 -739.709 10000002666032393093120.000
378029.083 783376.355 112952.540 302.229 -1219.367 2461.089 9999999169300982136832.000
727240.814 96324.971 737770.580 -1568.045 2636.705 -245.489 10000009303727353626624.000
6686.683 907078.378 243256.699 -1419030.600 1511768.752 1216287.546 10000001137760549208064.000
576836.031 868411.442 135473.073 -54.440 -2189.308 1432.611 9999993714631803666432.000
535505.053 549768.018 833708.387 -514.316 516.094 -2261.660 10000011395286804987904.000
186904.470 436638.714 544322.222 3846.230 1325.939 1651.707 10000000473421030883328.000
623529.358 373042.739 614503.363 -436.834 1427.136 198.405 9999993025694477058048.000
562373.844 491804.977 83489.643 156.490 611.594 3861.888 9999998227454443388928.000
538564.243 590316.630 833259.758 -855.848 -753.795 -2680.360 10000023656674434744320.000
874354.649 613206.601 62318.345 -1772.383 -649.425 1986.674 10000004205318766592000.000
819363.516 665390.841 419759.901 -4290.328 -887.094 -48.478 10000008454617199280128.000
581250.711 770939.478 172807.820 -809.402 -1991.663 1785.968 9999992117915906211840.000
214534.898 674216.962 709833.290 2624.495 -713.899 -820.899 9999994733107919978496.000
291682.569 151141.486 487295.888 -1416637.339 1511414.856 1218250.151 9999992395946187030528.000
71814.088 516121.570 214022.027 -578.913 -8022.197 6352.322 9999991976251755593728.000
698206.964 397570.864 929527.801 -619.393 762.224 -3352.704 10000014164129461829632.000
809632.502 279242.304 384393.503 -2162.716 837.871 667.973 9999993859704017125376.000
424952.699 260947.769 925017.616 464.315 1312.331 -3140.046 9999986210388419018752.000
421178.254 255349.271 85359.620 0.973 1092.944 1642.473 10000000433576160002048.000
777732.752 596687.243 336136.909 -1908.322 411.800 1354.726 9999988040449342308352.000
276294.970 264303.371 450957.250 1220.532 2308.765 86.314 10000014659950408105984.000
584903.427 565435.528 466499.980 -1197.128 -393.141 479.015 10000004137977561219072.000
917720.247 738227.293 768252.615 -2535.105 -1628.828 -834.319 10000004680313246580736.000
762703.498 511257.862 624217.062 -1598.846 92.128 -305.333 10000005617973557460992.000
206135.765 700342.904 280857.829 2096.840 -1735.237 1705.151 9999984308428277284864.000
677977.645 550475.795 450567.610 -752.750 -112.550 466.041 9999993252467559104512.000
270678.299 601625.715 526234.339 1689.769 -568.367 63.370 10000009200274631557120.000
425558.486 853984.746 618115.986 -22348.308 -7454.289 -5252.376 10000000198215490076672.000
513328.164 523316.157 472306.133 7985.843 -12393.718 -1729.064 10000000590269435084800.000
887217.586 102023.726 399562.452 4093.547 -1358.805 -4022.953 9999987806421802549248.000
826192.330 781151.323 353223.919 -2026.385 -2071.121 514.033 10000008357238582280192.000
900849.127 483962.552 768474.320 -2736.030 -218.484 -1434.283 9999985274282496229376.000
919126.743 208265.365 692772.240 -2462.416 2130.908 -595.128 10000011480462778171392.000
850752.026 643796.132 40468.902 -1140.000 -1061.115 2648.579 10000001567605406040064.000
516601.808 839559.359 971108.635 98.742 -1188.651 -2824.529 10000010555333153914880.000
322822.425 156092.116 696237.430 -32578.636 44860.829 1026.245 9999991802973080518656.000
907192.983 545396.837 78757.550 -2020.858 -786.779 1623.595 10000001457835865014272.000
638971.024 323643.419 736695.521 -385.376 790.828 -2196.791 9999981994928374808576.000
82964.165 101633.404 491768.706 2196.733 2310.536 104.739 9999999612668004532224.000
361816.407 861227.509 328437.797 444.426 -2856.901 735.108 9999978436199926726656.000
439547.097 304552.114 514933.412 470.082 919.256 -250.846 9999996214004315848704.000
308952.398 670165.462 953697.614 1246.661 -835.560 -3942.873 10000004393461815967744.000
500523.179 162302.486 438977.208 -621.374 2584.639 1071.639 9999999431167765905408.000
520855.941 98850.407 889259.923 1326.001 3683.675 -3629.391 10000005661921567047680.000
808884.775 162329.192 472713.273 -1209.136 864.525 521.112 9999987778809889816576.000
495135.656 328788.967 797498.829 -970.651 726.607 -1741.015 9999999192398502559744.000
757342.755 278783.340 886978.207 -1108.218 872.495 -2175.086 10000008907208423112704.000
729587.830 255764.162 677827.303 -2017.864 1812.836 -240.518 10000006477898326212608.000
606103.609 866455.586 520179.496 60.101 -2340.502 15.356 10000027349782397714432.000
141277.468 77668.199 975774.331 1379.800 1691.028 -1907.615 9999982997312314015744.000
188633.771 687278.518 849557.376 2703.449 -830.707 -2184.768 10000013134816100745216.000
281376.456 516686.558 395104.896 1467.124 128.554 1155.590 10000002859769792561152.000
727254.852 941898.711 50126.226 -1382.130 -1886.511 1588.940 10000010743926029811712.000
528119.688 902017.843 566219.436 279.553 -3574.789 216.056 10000008914697474539520.000
143101.671 532438.643 529855.729 2902.705 -112.095 24.300 10000001907456405929984.000
361361.720 552506.857 262178.150 301.044 1944.100 -159.859 10000001616527864365056.000
675995.811 684982.132 75774.658 -1103.477 -1055.141 2766.483 10000000264574133600256.000
738835.511 89675.570 592594.400 -6288.212 3703.551 -319.763 10000006273400066539520.000
316518.065 451087.221 663245.033 1248.640 578.660 -888.966 10000005724282250330112.000
215104.119 331709.094 693164.801 1837.151 1391.103 -1167.281 9999999166399394086912.000
349555.265 709919.562 481634.345 1348.416 -2633.713 99.867 9999984376204348096512.000
776196.714 498576.794 855922.410 -955.283 166.548 -2535.663 9999995105938885312512.000
475890.263 716698.331 635688.005 -1841.706 -215.400 -1237.548 9999991293484560547840.000
163446.788 497764.690 776325.666 2155.830 347.130 -1868.538 10000018760180166557696.000
630249.908 942561.067 418957.386 118.752 -3730.446 1418.047 9999982520348931260416.000
613867.062 458095.397 608587.926 -1041.786 265.939 -556.649 9999995815639679762432.000
825986.683 867900.931 753581.115 -1524.147 -1936.320 -1073.787 10000012003433028517888.000
780200.952 739745.151 790813.675 5659.718 -49387.454 102691.368 10000000702930365710336.000
89228.061 353189.898 178445.855 2819.640 928.515 1017.503 10000002556113157357568.000
383100.906 553654.248 94316.625 742.295 -124.031 3517.846 9999979445954103214080.000
264178.175 87038.511 557229.511 1262.594 2004.483 -198.341 9999978385683389612032.000
845966.700 68303.653 478494.791 30569.624 -105926.027 -9300.449 10000010354495751979008.000
511599.582 593875.032 578899.652 -4285.676 1467.543 -228.256 9999985330799926837248.000
427341.074 110987.349 66605.402 -175.730 1758.229 1868.813 9999992099735500488704.000
744484.642 922316.215 664742.192 -1556.229 -3178.001 -564.682 10000003000605555556352.000
305037.901 506042.826 707859.178 1868.493 -202.917 -1103.144 10000005024560254550016.000
197158.104 346696.521 904557.999 -4344.145 2311.619 -8574.137 10000005837563336065024.000
92330.609 196991.936 101887.830 1303.564 1525.115 467.756 9999977432658449793024.000
119550.786 915742.958 914695.077 1695.087 -1795.895 -1796.997 9999986054375466336256.000
390263.131 292821.072 500875.584 1131.604 1644.675 426.800 9999993182547320242176.000
398983.689 300664.276 38634.664 728.206 99.393 3190.668 9999992621560408047616.000
638163.048 449698.747 668711.378 -941.003 66.044 -1433.502 9999982235730705383424.000
106133.627 394606.058 445246.496 3308.313 547.733 741.036 10000010891824501620736.000
904780.003 932042.991 753599.234 -5405.088 -3365.292 80.110 10000001666855500513280.000
897758.932 637440.502 675588.561 -2962.944 107.623 -1327.631 10000008082651728576512.000
121934.883 193735.620 585438.998 2259.884 2580.432 -1418.820 9999994859555464937472.000
651087.930 125409.463 474611.879 -893.985 9684.410 -18233.143 10000019112334505017344.000
757783.699 877840.203 294833.386 -985.499 -2085.670 1363.323 10000015872751914975232.000
392849.222 439039.645 551196.674 306.052 847.724 -2.210 9999998978778246152192.000
786673.458 486541.218 482002.881 -12733.055 -14828.429 -12567.820 10000016053969268768768.000
905392.518 362680.148 555240.198 -1196.939 668.255 -377.427 10000002190578393546752.000
924703.723 286090.194 768336.934 -2573.305 1029.803 -1053.888 10000016928443826438144.000
434014.146 275014.562 52480.369 -419.280 583.606 3048.737 9999993872818857050112.000
916291.286 815900.394 785748.114 -2337.842 -1944.395 -1492.160 9999998777964160352256.000
552213.255 141374.638 665644.973 -574.666 2407.791 -646.260 10000007744939439947776.000
158949.151 72521.608 248710.169 1109.470 2207.638 642.111 10000005902738900647936.000
859223.088 278906.777 320685.807 -2276.362 765.241 879.404 10000009917615570944000.000
265946.929 216183.811 901041.925 -284.432 1885.107 -340.267 10000012915382595616768.000
132534.817 747548.040 648377.611 2340.896 -1660.864 -856.269 10000003826787347857408.000
712913.939 621973.368 81314.791 -1032.913 -411.680 2868.749 9999997905134671626240.000
360232.412 436570.294 460453.899 669.601 880.504 497.787 9999984263998151327744.000
692938.218 168482.050 323162.160 -925.415 2315.700 704.097 10000002485665535098880.000
15504.553 799711.548 105950.074 -5912.363 -6102.986 7146.043 9999992966234884800512.000
104896.658 347462.555 699349.474 -40935.848 10635.276 -28271.062 9999993235699675430912.000
177359.393 378031.765 682474.093 2437.498 894.863 -1291.276 10000006326469802328064.000
919927.153 179191.222 838880.168 -2099.896 1661.599 -1275.053 9999999883404204048384.000
621280.651 666823.808 168161.303 -857.403 -747.076 2594.428 9999994985157803114496.000
905216.090 472971.319 410350.229 -3012.933 884.503 330.936 9999997514953632251904.000
615890.389 263227.297 43763.296 -506.215 582.121 3018.617 9999994948576172048384.000
774096.425 890674.272 808770.840 -231.335 -1524.992 589.604 10000001188068562305024.000
550121.794 356860.670 123138.978 7.560 623.894 2598.217 10000010357325858603008.000
922638.598 300549.468 834477.014 -2475.611 1585.961 -2207.949 10000004130813014704128.000
925600.726 555605.884 622288.462 -3285.231 -24.885 -735.369 10000016887442009227264.000
594114.806 942063.219 846953.954 -158.937 -2807.818 -1531.271 10000002379347352616960.000
333917.638 810599.494 115023.640 1110.109 -1735.384 2359.337 10000012769285260705792.000
427951.128 648152.959 886719.410 242.611 -601.526 -2823.121 10000007885072990470144.000
411171.721 456174.095 799286.183 784.999 405.156 -2297.645 9999995966775986487296.000
595996.230 143794.587 414769.015 -462.851 2932.037 426.895 10000006375394538160128.000
273179.052 402373.471 502534.219 1362.991 1090.908 286.518 10000011292387601022976.000
772607.749 390253.686 176532.640 -1584.053 730.340 1938.920 9999999796904114257920.000
338138.803 677909.812 880161.325 -231.653 -346.041 -2080.088 9999977095249514201088.000
601191.228 332110.997 264785.796 -511.546 735.824 1146.630 10000004289865785016320.000
233585.205 570830.211 281073.501 1776.618 -211.983 1854.469 9999976022306696724480.000
924848.699 405292.045 131606.551 -2327.718 689.180 1869.416 9999999543994952450048.000
838327.686 420288.911 658513.652 -1485.065 1144.732 -361.762 10000001506305281884160.000
324845.590 920060.731 556818.689 -14016.025 92701.983 -11272.495 9999995992573143416832.000
513103.789 469106.789 795051.123 -248.075 806.163 -1953.166 9999983645965911326720.000
44672.872 805540.741 339742.558 2486.843 -1360.888 772.061 10000010936263764869120.000
561496.202 213440.632 767534.355 -173.256 1973.455 -1795.288 9999995721856359333888.000
913029.812 785258.813 845990.727 -2363.967 -1304.618 -2423.398 10000000299879842709504.000
220707.342 214457.329 887474.293 9568.862 1615.797 -7608.088 9999990067914248028160.000
540946.027 266168.050 405117.637 -230.090 1642.252 964.778 10000012970754782003200.000
224407.065 390302.219 565982.316 1889.870 1753.764 -894.060 10000008556327324352512.000
143363.053 867938.516 46205.759 1159.731 -1402.372 2260.229 10000013462197634072576.000
175707.945 625516.514 821015.931 2362.487 -653.782 -1647.546 10000016429168627548160.000
666295.904 781475.813 619053.612 -1420.584 -1673.846 -747.231 9999994440507715485696.000
707484.900 845168.730 467541.674 -1700.459 -2099.524 739.564 10000002051223343595520.000
846376.064 653909.203 293391.662 705305.064 3023.366 54605.291 10000003440123819589632.000
517817.926 794574.369 502583.150 85.686 -2503.043 312.500 10000016327345436622848.000
116106.551 419684.002 85032.956 1627.590 44.865 2627.411 9999992020380176875520.000
305124.723 321733.902 722846.272 1737.760 1067.177 -882.309 10000009903112615624704.000
538777.241 36207.060 830354.176 -34.693 3241.240 -1404.986 10000011766044274196480.000
84019.210 920681.188 619698.810 1878.259 -2408.321 -231.203 10000009250731383062528.000
679009.123 224777.014 892241.653 -503.288 1553.818 -2663.531 10000009272037803556864.000
307715.897 704846.994 811922.745 800.865 -902.529 -1683.980 9999992133819821981696.000
365278.183 764753.366 687545.554 -71497.242 -138472.013 -173670.724 9999997649431356768256.000
141261.123 152767.193 867325.058 1153.787 2889.765 -2324.278 9999999571596173901824.000
961570.647 467777.794 466776.119 -3438.646 180.152 295.013 10000004556162410217472.000
256721.687 701559.511 366551.492 1624.901 -2054.784 1277.899 10000000593666605318144.000
154863.307 740008.123 485481.259 6016.522 -2908.815 275.281 9999999602654026137600.000
34404.064 598629.418 943224.200 2378.617 290.114 -1223.703 10000001146822108119040.000
171805.910 800702.047 191121.674 1655.284 -1582.982 1251.083 10000005392538494042112.000
246148.560 836309.496 674637.162 1316.545 -2153.712 -926.146 9999993391731311640576.000
944440.023 476857.230 43730.358 8143.109 1569.934 -2134.269 9999983806120110063616.000
473450.865 585364.891 325532.409 -67.524 -1364.105 907.386 9999994575847904247808.000
660535.395 121939.248 185382.378 -1345.013 1870.027 772.405 9999995099761015259136.000
111521.602 462926.257 791370.938 4318.166 -7156.159 10372.675 10000011813631217893376.000
84426.738 937069.307 52736.047 1389.643 -1787.923 1343.544 10000000328236114378752.000
364868.456 661228.299 597670.306 1224.642 -1671.692 -589.435 10000008077661379231744.000
276983.915 767766.363 796238.215 1422.096 -2067.847 -1964.647 9999991371423482380288.000
678698.917 44457.120 767992.422 2071.349 711.885 -7223.319 10000005426931837173760.000
428659.607 194495.165 981109.746 10762.420 33841.894 38930.119 9999991529450393042944.000
318479.468 686818.305 905645.695 726.936 -857.794 -3831.832 9999987754010549420032.000
331953.578 303327.084 894938.738 200.281 930.682 -2657.518 9999992006103145644032.000
424981.799 226207.947 871261.917 506.395 1984.180 -2126.485 10000003413826779217920.000
45047.292 111497.534 189819.809 2242.138 1371.806 1024.212 10000031066578816598016.000
728268.758 383099.964 704931.834 -2977.044 -6832.999 -1141.570 9999988184314932101120.000
473740.367 636977.400 560075.830 -371.058 -1140.684 -69.967 10000000204259893182464.000
250027.962 655384.464 146274.142 -853.608 -5302.464 9170.260 10000002748870958252032.000
123608.720 196422.146 569403.560 2120.966 1829.569 1456.529 9999997012685325598720.000
472915.773 902452.819 391388.781 14021.553 -891.824 -4438.877 10000000684156117843968.000
185909.136 874010.122 103773.727 863.908 -1742.187 1210.265 9999998185534205722624.000
974069.090 965988.990 296841.179 -1741.251 -1694.719 807.261 9999993639247967944704.000
837457.787 719448.949 356283.268 -2384.386 -1650.503 852.179 9999994324511879069696.000
835438.299 504518.714 403756.753 -1775.310 324.533 716.447 9999991208862118051840.000
854327.287 667637.565 741859.828 -1089.813 -2283.507 -3100.442 9999988640917491810304.000
745530.069 397918.768 269409.541 5115.455 5262.384 -6553.533 10000006928871203012608.000
818313.694 185058.326 170661.041 -1597.276 1339.610 1831.121 9999999086162528436224.000
411250.191 813491.008 574721.321 137179.035 -186580.051 -265825.455 9999989868990279188480.000
641230.783 648203.782 343560.751 -573.169 -914.130 1190.542 10000005651790087323648.000
628345.713 661301.154 59964.988 -304.614 -436.219 3119.355 10000010174115969236992.000
572457.948 507595.699 98630.766 -899.485 -822.132 2595.229 9999991580436285358080.000
727202.426 137401.751 785051.068 -1453.133 1523.557 -928.205 9999988426230240116736.000
244308.425 70015.775 464786.923 1831.765 3159.240 295.275 10000001552228766711808.000
112572.116 441392.531 616992.654 3841.320 1030.612 -1652.172 10000011296068041965568.000
98677.089 101738.440 973614.932 1953.384 1052.122 -1745.319 9999993521990625394688.000
154145.584 300411.907 214656.305 1484.154 -174.059 927.308 9999996115322648133632.000
238138.664 86219.017 617046.995 1357.846 2548.442 -878.517 10000000537905449664512.000
516117.291 452887.036 285728.177 -534.043 1501.500 3830.018 10000009140749832552448.000
671486.427 872132.075 418439.729 -1117.885 -2413.321 1525.915 9999997896050239078400.000
258386.607 871533.547 474029.520 -12329.834 -4704.856 5666.895 10000002384959375409152.000
633568.165 858101.520 825178.787 -635.582 -1487.848 -2687.972 9999998008054377349120.000
250605.473 426389.570 885175.181 1537.152 406.300 -2461.733 10000014641827009265664.000
125251.857 641914.794 134587.653 5912.728 7273.482 -3267.457 10000007522015573442560.000
435753.927 505635.036 420154.442 -165.258 550.625 657.706 10000016858758040780800.000
494586.477 378347.560 722479.444 -9322.975 18635.701 -34217.357 9999980193530387628032.000
171614.521 554313.289 482655.381 3327.270 -1723.475 2693.047 9999998497502529585152.000
479548.270 161222.415 445925.156 1668.742 2724.365 370.321 9999997436512618676224.000
68345.594 923725.590 468965.711 20928.922 25864.420 -6168.578 9999993766891562729472.000
108707.671 794470.848 863858.261 2606.088 -645.804 -2822.119 9999988868542231478272.000
552395.604 101226.818 501342.674 -481.720 3156.254 233.395 10000008025798265012224.000
18434.573 52048.233 82065.059 1575.796 1342.327 1307.888 10000005634979560161280.000
392884.038 153967.679 35793.767 526.990 1650.848 2769.726 9999992702536914042880.000
869692.080 953927.632 300287.695 6285.245 15969.535 -494.168 10000001405460777271296.000
967600.969 959972.370 913674.459 -1635.126 -1523.793 -1322.714 9999996494955944083456.000
479244.007 116289.841 618816.086 -72.558 2828.989 -89.917 9999993960466286116864.000
76767.420 0.000 894459.642 -135703.886 187091.216 -263861.354 10000010554169037422592.000
927279.234 57638.568 304163.796 -2101.589 2246.232 701.555 9999996700884807450624.000
392283.578 816422.609 283349.946 223.810 -1960.899 1365.644 9999992800329888432128.000
92729.458 632317.475 367223.407 3066.323 -629.750 1187.169 9999998640799178817536.000
850682.495 199162.296 322635.604 -1557.116 1696.715 729.365 9999996158102447587328.000
550937.511 165346.550 316700.374 -49.250 1916.264 1038.388 10000013414205092790272.000
816846.236 429414.568 63545.435 -984.177 670.042 2994.169 9999990928110279196672.000
572912.848 183448.580 532697.404 -1106.990 2167.505 -376.289 10000008216494011842560.000
336315.300 830692.365 283160.521 667.225 -1918.146 1487.977 10000003321034864328704.000
662049.349 305466.847 705401.110 -486.404 1146.276 -720.303 10000000848490567565312.000
370652.351 637494.483 390065.887 1388.752 -930.666 1281.017 10000025395172617486336.000
127088.112 846883.193 92742.277 1443.519 -1378.338 1066.324 10000004702712606228480.000
480882.203 837041.716 325089.349 28.845 -2629.717 1351.052 9999997386023361314816.000
867889.563 849279.567 323577.979 -2608.865 -2407.368 864.964 9999965893825952481280.000
49613.375 588457.187 759484.645 3159.742 -551.871 -1221.969 10000012497016458313728.000
85599.012 200335.053 86284.334 2163.472 461.276 2983.811 10000003957626916306944.000
246667.329 179574.722 88093.261 1442.961 1849.356 1813.338 10000008257713165303808.000
772970.605 929086.891 692886.882 21412.589 2066.935 4012.839 10000000262125238878208.000
941783.813 464401.609 56160.249 -2312.034 1098.546 1874.606 10000007466203714945024.000
677278.901 687938.982 284721.154 -1145.782 -1066.125 1842.449 10000005167515558739968.000
248974.991 825799.222 463164.521 1487.585 -2467.366 564.414 9999999946857788735488.000
290896.884 871435.460 319795.089 5506.556 -9551.340 7410.298 9999993167220305821696.000
651094.455 181715.233 399774.346 -1126.927 2180.999 720.127 10000007907265407352832.000
664776.284 379584.984 208289.363 -907.895 666.059 1982.353 9999996036543986794496.000
791035.301 485972.495 772168.925 -1995.175 379.827 -1796.476 10000004998769399562240.000
863194.307 311138.331 209521.211 -1771.148 857.824 1798.956 10000002959286827220992.000
388015.735 67901.042 25872.406 832.747 1985.638 2301.174 10000003163786680729600.000
840493.772 56512.364 397813.204 -1461.546 2984.871 707.048 10000001627470595883008.000
906429.315 557227.241 260033.715 -2915.653 -784.870 1341.314 10000005922996652867584.000
717841.325 916418.418 630180.172 -876.249 -2944.284 -234.096 10000001827112663121920.000
689781.858 269614.544 713379.983 -2295.275 2348.212 -199.161 10000013838823597277184.000
918305.269 760584.855 609752.725 -3100.056 -978.095 211.619 10000000577729158184960.000
222485.229 560385.968 618971.425 2268.129 -48.120 -545.426 9999992000403965214720.000
772092.225 210482.291 248767.828 -1525.534 1563.929 1584.944 10000020612719277244416.000
735714.502 438365.469 144473.688 -10782.711 -1693.300 6619.092 10000016352333168377856.000
215660.047 690416.999 928193.848 1674.593 -790.251 -2902.324 10000005567584883703808.000
453547.278 973071.810 874269.371 34408.345 -8942.831 5663.240 10000012108626917326848.000
867811.953 567972.867 256597.558 -1999.080 -537.873 1936.508 9999985924418018738176.000
136946.721 305804.544 535797.759 4421.412 1330.855 -1909.680 9999995620965717377024.000
402984.389 282557.367 217670.680 539.689 1344.815 2012.780 9999998805072926474240.000
338481.206 448558.385 578001.478 25900.495 -27820.558 6101.674 10000006969283806494720.000
201845.523 425422.485 357957.190 1981.678 823.256 1796.469 10000002701478189858816.000
269892.158 195593.168 910989.797 4255.667 -8176.517 -5420.379 9999997434369346109440.000
627690.102 913922.055 781166.311 14033.162 -95721.051 9496.974 10000005852832198557696.000
415629.064 564966.684 130305.417 373.903 -604.458 3043.502 10000043407949793591296.000
665676.992 754157.480 697897.742 6952.853 -26273.661 -20084.707 9999981501033599729664.000
261261.294 485606.670 803324.558 1916.382 345.770 -1788.778 10000000176266179248128.000
445253.134 295445.438 856401.670 561.444 1136.712 -2533.845 9999989372478264705024.000
181065.971 58341.669 968148.045 542.897 2131.097 -1619.654 10000001657122647441408.000
603355.755 392491.024 98927.844 -645.622 368.266 2892.864 10000000971484539387904.000
111995.675 897347.931 806293.107 1837.754 -2010.686 -1063.394 10000006519502409826304.000
687081.551 468810.716 317182.153 -1190.623 280.021 1186.626 10000004495561279406080.000
506358.856 320368.858 826190.469 -560.078 1085.995 -3119.962 9999994168128495943680.000
716609.063 198730.017 606053.947 -1223.966 1904.977 -375.357 9999983018565848530944.000
189971.287 261234.651 219348.523 480.428 632.057 1680.355 9999998981572533420032.000
794901.826 265134.249 926614.048 -1126.020 983.619 -2722.168 9999981954579682033664.000
227554.119 162431.152 341230.889 1328.842 1955.973 1153.310 10000000380951645388800.000
943742.489 56048.602 822989.195 -1677.842 1831.371 -899.993 9999996104509661118464.000
228956.604 43765.944 564554.808 1914.600 3112.215 -159.032 9999998934730810589184.000
319178.583 484242.227 794642.405 4838.111 3857.247 7595.795 9999987379603498860544.000
679739.982 403753.433 490923.411 -1235.620 1084.112 242.852 9999988600297828122624.000
855821.863 550387.400 854785.586 11793.609 12778.685 -1868.463 9999982227367651180544.000
927499.102 286745.751 252998.045 -2655.675 865.614 799.390 9999988037469899587584.000
496710.934 931852.170 76235.877 202.617 -2318.663 1912.552 9999989711177785540608.000
320972.433 634140.862 945819.516 786.638 555.778 -3279.270 9999986022154921574400.000
937870.388 346650.680 806402.538 -3363.698 431.199 -1209.927 9999994652284917121024.000
594766.460 42435.609 108021.101 143.293 2403.110 1743.628 9999998493358292992000.000
