1e+06 0.1 2000
777740 677374 738637 3156.53 -1524.01 16253.2 1e+21
138290 246036 954968 -9244.09 -201.198 3785.75 1e+21
601231 242080 685415 -14279.1 151512 -65944.7 9.99999e+20
322990 407471 445273 6102.48 11452.9 -565.783 1e+21
270781 946986 359617 2650.81 336.33 10481.5 1e+21
464519 192028 917635 9413 -18042.9 1562.39 1e+21
126794 427496 865862 53087.9 777.859 14828.6 3e+21
321858 589348 612134 -9246.94 3721.88 1876.54 1e+21
481476 590592 528168 13996.8 12841.6 7154.51 1e+21
849463 602498 760788 -1021.73 3324.95 -3474.82 1e+21
491139 553786 513513 -1904.4 -5536.87 -7301.7 1e+21
1e+06 938372 1e+06 -3.36703e+07 9.38371e+06 -4.46875e+06 4e+23
The object 12 has merged
669105 528751 100361 38954 25914 -16360.2 3e+21
631635 860579 812967 -12065.3 16765.9 27404.1 1e+21
529339 301879 892996 -5546.1 -3877.65 354.285 1e+21
459597 523716 529617 -5109.83 13153.3 583.571 2e+21
564767 456202 566674 4160.35 -2786.49 5549.42 1e+21
106289 328381 83497.7 -300.462 14266.4 13497 9.99999e+20
The object 19 has merged
34716.2 528600 99651.9 -6398.91 3766.04 -269.01 1e+21
206275 170308 819957 14211.3 13389.7 -14205.2 1e+21
438014 700833 863440 2233.19 -17649.7 7083.44 1e+21
434136 535330 525354 -11257.8 -9458.34 -13336.5 1e+21
656451 936061 750150 23922.9 3030.24 643.782 9.99999e+20
454880 543765 517649 -7556.68 11095.5 11303.5 1e+21
343875 495517 572071 6257.66 8743.99 6829.56 1e+21
471093 581185 503662 -9083.49 1368.75 -4128.45 1e+21
497503 503371 475477 -9546.78 -3513.18 4960.52 2e+21
The object 29 has merged
944069 429572 97603.1 11389.9 6876.6 -9806.41 1e+21
620944 93541.7 339756 -26688.5 7682.23 24722.2 2e+21
455154 543759 486125 -12489.8 23735.9 -70.1077 1e+21
469085 514618 520813 -14279.9 4053.59 4575.43 1e+21
413851 556271 528856 9894.15 -2543.86 -2738.68 1e+21
The object 35 has merged
364706 391198 451136 -14428.9 -8968.21 -2171.73 1e+21
The object 37 has merged
481052 512277 479994 4141.6 20147.4 1650.23 1e+21
479225 547781 475289 -1164.43 -7964.73 -8357.81 1e+21
228958 135562 508762 -10397.3 -7446.34 -719.52 1e+21
546284 449347 350140 -2100.4 -5642.95 -2227.16 1e+21
420784 510046 549168 10384.8 8407.88 -2224.16 1e+21
The object 43 has merged
The object 44 has merged
393981 453935 489378 10346 8587.01 1545.57 1e+21
999142 411305 664064 5916.24 19223.3 701.844 1e+21
The object 47 has merged
490986 524894 563057 -12813.4 -10340.3 -8023.33 1e+21
931208 972200 364818 7660.53 -7436.31 -577.792 9.99999e+20
506083 498529 466669 -9550.04 7964.33 6830.51 1e+21
434764 474651 514703 -229.611 9317.14 19143.2 9.99999e+20
268658 799699 75681.3 -1655.63 1053.69 195.136 1e+21
The object 53 has merged
653415 499543 655744 -11173.9 -1208.25 -37065.9 1e+21
231332 737276 102709 -4034.42 -13360.1 11916.6 1e+21
522812 600024 486590 10264.8 -5137.3 732.529 9.99999e+20
469971 635263 496613 -3783.46 3445.86 4163.18 1e+21
320900 986392 613633 51928.4 -7439.84 17972.9 4e+21
693754 125021 677242 -24102.3 20057.4 11329 2e+21
422514 548908 508736 -8455.17 -14107.2 -2231.97 1e+21
The object 61 has merged
111157 70750.5 327404 13165.4 11542.5 17274 1e+21
428651 531196 464097 -14003 9612.07 4872.97 1e+21
458716 524078 470511 -3116.73 19863.4 -12428.4 2e+21
254879 678991 460119 -75854.3 19860.3 5929.37 4e+21
131894 64934.6 130204 15848 -5082.53 -3497.66 1e+21
The object 67 has merged
941780 13315.2 51845.7 -5833.83 -8935.23 -3506.27 1e+21
The object 69 has merged
714410 271487 503759 -4699.13 4307.8 -2596.05 1e+21
538345 470183 505851 8455.86 -12681.7 12104.8 1e+21
698731 484719 4147.59 -3166.57 -3023.38 -32481 2e+21
337064 648636 23914.1 -768.052 -17430.2 -3612.02 1e+21
902234 966041 926381 4956.54 8144.18 6705.01 1e+21
554933 132135 447594 -25921.6 -41712.4 18125.2 1e+21
525725 80455.2 69261 3041.93 -2514.33 -2647.55 9.99999e+20
316379 737041 278876 484.215 18384.6 -1358.67 1e+21
The object 78 has merged
582178 343103 766853 -2254.83 6180.19 25514.5 9.99997e+20
411936 635691 540628 4906.06 -4070.55 -3902.16 1e+21
The object 81 has merged
455842 506675 559801 445.254 2183.51 -9563.56 1e+21
188750 686865 312688 -47.0059 -13878.4 -11449.7 9.99999e+20
776007 419222 698761 -9711.32 239.937 17913.5 1e+21
511488 356081 528420 3847 -13735.5 -2331.96 9.99999e+20
548444 645524 359586 4043.45 -10883.2 -242.047 3e+21
437686 454037 462789 -5573.87 8784.69 2110.72 1e+21
66621.1 404173 837147 -1019.01 1592.88 4125.11 9.99999e+20
613889 156180 211551 2138.28 12224.5 13637.3 1e+21
400907 548223 580485 4210.85 -1142.89 6429.77 9.99999e+20
430162 566820 459677 -5749 -2831.18 3878.93 1e+21
565959 467514 448494 9124.33 -14173.2 4746.39 9.99999e+20
437242 841308 455470 30338.5 12983 19509.3 2e+21
475518 548396 464191 6678.65 -2982.7 21030 2e+21
914062 30327 430808 7230.1 -13875.7 -1570.95 9.99999e+20
277530 493420 494546 6307.9 -4658.52 -5296.8 1e+21
496854 519591 494911 3520.5 -8782.18 2817.86 2e+21
429930 738859 607584 1402.36 -7019.84 -7615.25 1e+21
477523 651462 416611 -13363.1 -8397.33 -4351.98 2e+21
601106 612846 137014 -1571.12 -2611.74 -476.296 1e+21
412634 543974 480726 15077.7 -9213.4 3674.62 1e+21
551731 383552 400495 9831.12 -3095.38 -10286.7 1e+21
The object 103 has merged
418629 723946 665999 -58724.2 7352.31 12218.4 4e+21
The object 105 has merged
450216 657811 497410 -3214.84 -5511.58 27990.7 9.99998e+20
152753 893703 978373 -33018.3 8610.13 -30959.2 2e+21
414975 459057 385758 4966.81 -680.597 19012.3 9.99999e+20
The object 109 has merged
493111 219430 66618.1 823.448 -52.5747 16137.1 2e+21
507865 458552 479263 14461.9 -16057.4 2979.1 1e+21
The object 112 has merged
532175 418194 419370 -6305.33 -7267.15 -103504 2e+21
The object 114 has merged
538624 581887 630051 -3724.21 901.961 -975.433 1e+21
627650 164302 221804 -542.348 12901.4 14688.6 1e+21
493775 533497 521289 -2426.52 963.839 -3628.77 9.99999e+20
The object 118 has merged
411622 555449 676636 2010.11 1430.73 -9027.51 1e+21
466716 511224 397135 3152.41 6912.03 -18044 1e+21
532573 552557 488040 16472.4 7530.39 -6324.98 1e+21
129568 897345 638258 -11247.1 -11820.1 -26192.8 9.99999e+20
449187 560075 478421 -5052.5 6806.01 -621.334 1e+21
228183 809551 841471 -2049.3 7702.04 -3283.16 1e+21
377881 554569 394568 -17377 2317.21 7745.78 2e+21
856192 432166 414185 3527.24 10211.5 -795.817 1e+21
The object 127 has merged
373128 507392 485559 8657.11 -1243.78 -7738.14 1e+21
469873 552920 556006 -7549.19 3220.9 21351.9 1e+21
518694 495890 479547 -25068 4238.87 6952.04 1e+21
501302 545104 548208 19080.1 -67.4848 14240.6 1e+21
813215 333234 410884 1577.51 1336.01 22796.7 1e+21
513159 623193 509696 -3173.87 13597.1 -4542.89 1e+21
942418 895056 663309 2889.94 2705.92 -6.76156 1e+21
509477 482780 523926 12672.3 12857.7 -8733.17 1e+21
586555 537803 593268 4121.86 -1460.28 739.811 9.99999e+20
The object 137 has merged
482159 403691 866798 -5432.36 -668.999 -7033.52 1e+21
428693 508274 505001 -13398.8 -21167.3 -199.093 2e+21
572583 538736 387804 -4780.19 -413.188 17799.1 1e+21
330982 719660 706319 -4171.05 13672.8 -614.966 2e+21
419020 438101 490148 -7338.22 -10450.4 -4283.64 9.99999e+20
284417 566417 303550 28810.1 -35633.5 14931.4 2e+21
277458 353263 618969 -2979.46 169.856 4593.24 9.99999e+20
466859 504079 479910 22582.8 18248.2 -3761.17 1e+21
The object 146 has merged
778164 933921 641330 -469.595 308.198 3408.29 1e+21
740273 969291 187802 3413.1 3060.65 -26748 1e+21
436640 418176 440579 11964.3 -4870.97 1091.78 9.99997e+20
371675 713405 488456 -1819.63 6012.32 -2478.1 1e+21
The object 151 has merged
888924 528671 248529 7246.24 21828.9 17519.5 1e+21
496434 525298 545262 -19896.2 -4043.93 9379.2 1e+21
287317 397189 652121 6642.32 5218.95 -7154.01 2e+21
414865 546620 500226 -9121.33 -1619.34 -9387.87 9.99999e+20
787374 868900 731958 1948.93 -10252.1 -60.9197 1e+21
370591 541782 561075 8406.03 5575.48 -1759.96 1e+21
646673 978994 424531 -53630 101223 -33101 2e+21
The object 159 has merged
339170 694503 638024 6623.53 -4352.83 -5499.06 9.99998e+20
521441 527738 478276 -1227.58 4202.5 17533.9 1e+21
589248 81710.3 429578 23081.5 -3376.05 1516.67 1e+21
277230 60944.2 258373 -1255.97 -4227.03 15448.6 1e+21
353570 794216 281103 8204.67 5607.99 -1677.82 1e+21
950255 417953 115959 7340.01 17817.5 11563.7 1e+21
397082 414169 500308 4659.92 6125.51 -2458.69 9.99999e+20
330457 467070 452865 17905.4 4031.06 9574.25 9.99999e+20
763549 397191 784405 3936.66 8908.59 -13269.4 2e+21
186203 897554 847707 427.888 9368.29 7491.23 1e+21
The object 170 has merged
675188 653430 853609 -64035.3 -27944.1 -17497.9 3e+21
527464 412999 411478 -10847.2 14389.7 -6249.38 1e+21
458412 828119 613619 -3741.25 -1981.07 -5479.63 1e+21
345307 347398 600566 37337.6 11457.8 3399.97 3e+21
The object 175 has merged
152691 695595 431662 -2008.85 -17852 19085.2 1e+21
798915 850157 651364 7000.03 -3739.11 3564.01 3e+21
332349 511083 353849 13579.5 -2954.38 4967.72 1e+21
468105 224496 479102 -5099.09 -3458.45 28297.2 2e+21
446944 167663 402033 -1240.99 6913.28 -3503.33 1e+21
The object 181 has merged
514599 667394 721787 10394.2 -13371.8 5494.5 1e+21
518401 785599 548995 2682.48 3904.08 15252.5 1e+21
627715 536128 125647 -8007.85 7095.28 -3402.76 1e+21
471589 509930 585316 11575.1 9486.31 -13174.6 1e+21
457142 520773 504310 -10632.3 -13861.8 -6418.02 1e+21
541625 470256 576707 -11578.5 985.621 -13185.8 1e+21
189509 90553.6 989404 -6385.85 9581.86 -5755.57 1e+21
78676.5 980054 14284.6 7469.34 8666.8 7575.3 1e+21
76119.6 678540 644164 -4722.41 -16748 -17570.5 1e+21
84332.6 87679.5 82823.1 -3730.63 -6918.33 -15060.1 1e+21
597023 656787 558632 9190.97 2886.88 3301.9 1e+21
110540 156502 151293 -3916.17 11717.3 -3881.69 1e+21
The object 194 has merged
536974 466328 504665 -800.761 -12087 -3248.72 1e+21
151731 350282 17457.7 -3295.72 16686 7268.49 9.99998e+20
The object 197 has merged
387617 147329 207148 4423.36 379.547 -2086.54 9.99999e+20
350442 925414 535094 -1274.37 -14116.4 30709.2 2e+21
The object 200 has merged
760735 674432 383328 1083.32 3776.06 10924.4 1e+21
934642 46923.6 847660 -9145.44 7943.24 4397.26 1e+21
447612 497901 428881 -750.009 -7681.83 14047.2 9.99998e+20
426614 640732 442400 -6811.22 609.468 -3837.44 1e+21
453241 547264 457111 -7975.64 206.214 6313.06 1e+21
The object 206 has merged
822973 915847 694055 3610.27 -9378.07 3641.15 1e+21
909499 82084.2 590655 4001.83 7887.24 -1713.93 9.99999e+20
461396 233914 203889 6737.6 2485.29 -937.44 1e+21
470792 577810 537634 -580.284 11048.8 -5903.64 1e+21
The object 211 has merged
397655 575800 423012 1413.62 -14630.8 14881.2 1e+21
279116 568132 324414 -6833.69 -15361.3 5002.27 1e+21
369712 623870 602714 -1296.81 -22565 -3689.79 1e+21
198429 249574 794896 -2027.7 -17341.5 -21423.1 9.99999e+20
515224 479000 440142 7034.56 -3912.74 908.562 1e+21
664003 421183 916834 3772.14 3926.51 6477.84 1e+21
267413 514334 423578 4737.05 18760.8 -29540.2 9.99999e+20
463407 393150 502155 -13013.3 12891.3 239.523 1e+21
369217 298519 790065 18549.9 -2367.02 -14564.3 9.99999e+20
135564 457539 794658 -4356.55 2853.93 2232.64 1e+21
588527 134882 107658 1208.47 -465.895 1082.39 9.99999e+20
The object 223 has merged
The object 224 has merged
699096 645018 627017 -3548.44 2342.61 1191.5 2e+21
The object 226 has merged
945391 448884 842798 7020.13 -1664.33 4269.95 2e+21
The object 228 has merged
The object 229 has merged
663332 52662.3 753500 1375.74 -5923.61 28400 3e+21
704275 522688 767529 18926.3 -1713.54 3813 1e+21
254418 544975 725321 7056.37 3744.24 -1136.62 1e+21
The object 233 has merged
The object 234 has merged
906354 984591 653525 8157.55 -7546.33 -88.2313 2e+21
429817 309449 472717 2305.6 -7905.44 5768.35 9.99999e+20
171082 838867 796529 -5637.76 -16434.6 6195.54 9.99999e+20
426524 577682 485542 7819.26 -20126.6 10328.2 1e+21
The object 239 has merged
477518 559558 479809 -246.48 5056.48 -1150.57 1e+21
72077.5 620799 555072 -10419.3 6330.63 -3092.02 9.99999e+20
412134 526524 30680.4 -8753.23 3447.09 -1354.35 2e+21
155999 357519 937616 7906.38 5965.1 -194.389 1e+21
913154 128652 924646 7205.14 -4774.01 -8310.54 9.99999e+20
478018 594138 503756 -7907.37 -11864.5 -8837.93 1e+21
702164 891741 53260.8 2483.72 -1079.14 18639 2e+21
544991 532903 516706 866.703 -6614.29 5244.96 1e+21
The object 248 has merged
353716 607340 495887 -341.965 -2311.39 8536.53 2e+21
The object 250 has merged
227543 335984 202525 -3525.7 15548.4 23606.6 1e+21
The object 252 has merged
502450 468720 495475 8681.78 1254.9 -12404.6 1e+21
The object 254 has merged
196212 91062.2 205781 1864.88 11431.3 17834.3 1e+21
444214 541331 462502 13264.9 -818.599 19653.4 1e+21
880386 246399 550799 2362.82 -1500.89 21240.7 9.99999e+20
957180 872127 749659 29302.1 -11979.5 1194.57 9.99999e+20
The object 259 has merged
567967 112820 359505 23839.3 -2980.18 20071.9 1e+21
110926 902336 630310 -5461.32 -16141 7142.7 1e+21
306354 655687 597843 -12670.6 -400.374 -2666.49 1e+21
The object 263 has merged
326519 496225 426637 2872.4 -2632.27 -9999.75 1e+21
The object 265 has merged
The object 266 has merged
254889 543738 129669 -2545.03 -6088.05 89.802 1e+21
72410.7 134467 817810 -4751.13 -2918.69 -13762.1 1e+21
270634 875473 840064 -1172.32 8378.21 -12609.8 1e+21
500849 478354 491441 4323.35 7925.63 -3259.27 9.99998e+20
500575 552663 483082 9889.07 -7797.85 -2293.19 1e+21
478113 526966 511043 19048.7 -10155.4 13525.7 2e+21
228284 124981 484756 15020.7 11536.7 192.518 1e+21
521317 650452 453300 -2183.84 -186.072 2856.54 1e+21
548257 658778 440517 -2455.55 1102.3 -495.789 1e+21
200015 708846 505529 3344.32 1144.69 -4803.3 1e+21
486763 453409 512640 -4859.67 -9050.23 -1205.49 9.99999e+20
The object 278 has merged
857727 614941 449716 2677.09 -2487.94 7651.8 2e+21
The object 280 has merged
The object 281 has merged
516534 523946 584445 -12941.8 -13677.6 7816.89 1e+21
469106 405924 387366 196.091 5465.68 2671.93 1e+21
721055 780280 437374 744.514 7279.53 -9349.49 9.99999e+20
450129 322242 113720 -23176.7 -3880.68 -398.066 9.99999e+20
The object 286 has merged
532338 600775 657149 -57.7367 3538.49 6646.18 9.99999e+20
72278 882785 965959 -4556.42 5398.95 2803.5 1e+21
427319 568240 511981 -8186.22 6551.57 19201.1 1e+21
894347 45358.1 605393 -8923.66 -2420.76 1096.51 1e+21
557806 141566 130248 2051.92 698.065 1238.14 1e+21
The object 292 has merged
520495 115592 762519 28330.4 3148.31 -21202.3 1e+21
350244 534443 604074 -12285.2 1143.57 8677.37 1e+21
608660 999037 593616 1860.21 5176.27 25351.8 9.99998e+20
922487 682429 325260 -840.053 -1817.19 774.933 1e+21
503525 517045 471481 6194.15 -19009.2 14223.1 1e+21
471450 451861 420891 -695.41 17476.7 2140.53 1e+21
499199 465945 558663 -6173.94 -19584.2 -7188.39 2e+21
627555 580634 486404 4515.98 -2028.07 -2651.37 1e+21
The object 301 has merged
489749 468326 470595 -16188.7 10071.4 12450.3 9.99999e+20
325817 480179 507346 3224.25 -5996.88 4335.37 1e+21
The object 304 has merged
460681 476306 492536 8398.22 -14597.4 -14815.7 1e+21
9426.81 16114.3 258767 -6072.14 -5728.82 15975.7 1e+21
457503 433925 358021 8195.89 12862.7 8739.31 9.99999e+20
The object 308 has merged
588684 973095 982078 29139.3 5783.02 6451.4 2e+21
963504 575178 966690 7853.55 26057.9 6813.62 1e+21
737845 609742 856576 1682.56 20281.2 -10800.1 9.99999e+20
The object 312 has merged
932133 817637 847590 -12825 11122.7 -792.125 3e+21
497844 439711 435362 -15044.2 -16921.6 1798.12 1e+21
537282 423950 463091 -2521.13 672.737 -8578.6 1e+21
452306 551080 523146 8584.48 14908.5 -827.105 1e+21
677775 562387 68362.8 -2976.55 1334.72 -9001.06 1e+21
The object 318 has merged
484760 614597 665457 -2783.52 -20967.7 -22584.8 1e+21
The object 320 has merged
The object 321 has merged
497570 502870 520861 19957.1 5335.85 -3808.75 9.99999e+20
688958 983139 960752 5556.3 4203.94 -10378.4 1e+21
The object 324 has merged
The object 325 has merged
446805 583825 384948 5856.25 -6328.84 19677.8 9.99998e+20
827618 187360 69909.9 3020.53 12109.9 -5877.66 1e+21
The object 328 has merged
The object 329 has merged
526970 438177 400267 -7816.34 13323.7 8407.11 1e+21
The object 331 has merged
The object 332 has merged
368499 30919.1 579257 -3600.88 -5817.25 -19349.9 1e+21
501319 618473 512847 7883.32 -14152.3 275.329 1e+21
The object 335 has merged
847202 342418 911565 5923.28 19284.1 -12104 1e+21
623847 254911 316978 1089.11 18521.6 1362.11 1e+21
401168 519409 426496 -8578.23 7754.42 -5964.73 1e+21
The object 339 has merged
The object 340 has merged
532967 514441 492646 5149.13 338.573 -2396.64 1e+21
265060 709754 92668.4 -1456.31 25493 -2401.02 1e+21
347343 516001 547539 -10280.8 1448.75 823.339 9.99999e+20
563256 402771 617813 -24738 5743.05 483.026 1e+21
456529 558526 505301 -1007.12 -1614.24 -6923.12 1e+21
45143.3 495541 434655 -29719.3 27720.9 633.525 1e+21
397843 517938 454272 2460.07 8008.01 -5984.15 1e+21
The object 348 has merged
605513 302931 599238 228.57 6631.71 -2580.69 9.99999e+20
The object 350 has merged
The object 351 has merged
874848 348897 168759 3181.64 16223 -4426.24 1e+21
345102 527023 486688 4811.29 8132.28 -13574.7 1e+21
530281 573980 508483 9479.29 -4713.09 13260.6 9.99999e+20
619586 509134 411761 5889.95 1487.81 5945.98 1e+21
342360 733207 634745 4292.29 -4793.84 -6224.91 9.99999e+20
953037 493518 133153 3601.41 19413.5 -5609.91 9.99998e+20
857344 422608 459293 3325.79 19050.6 20283.7 9.99999e+20
400485 35789.4 640495 12312.9 -21805.8 21206.4 1e+21
547832 520430 540265 9095.12 -5096.74 -3296.57 1e+21
460979 519802 535045 -4366.71 4824.27 -9943.19 2e+21
156190 593747 639860 534 -1969.81 -6740.77 1e+21
The object 363 has merged
567782 446146 532952 -2341.65 1143.98 -15396.6 9.99998e+20
The object 365 has merged
865509 645421 932281 4530.74 -9633.33 5411.28 1e+21
765421 917576 665344 -603.612 3106.39 -3757.35 1e+21
20358.4 421296 730389 50935.6 7972.86 -17800.6 3e+21
479703 457189 497434 -13952.9 -6437.66 757.436 1e+21
395812 59460.3 215457 -12420.3 -5855.22 -886.036 1e+21
784094 56545.9 434649 3513.56 -5209.11 -25514.3 1e+21
The object 372 has merged
606222 912978 943968 -1369.75 9169.5 -15926.7 1e+21
The object 374 has merged
195358 428268 693922 2806.48 -2208.29 -694.655 9.99998e+20
567420 198600 764151 1109.11 -3476.55 -16503.8 9.99999e+20
463643 472237 524237 -9979.56 21072.1 11428.5 1e+21
572598 417439 480174 13468 -5930.73 3144.99 1e+21
954310 181739 65101.2 10947.5 17312.7 14348.4 1e+21
The object 380 has merged
943905 6788.7 577341 7359.04 -26558.8 -20210.1 9.99999e+20
429455 483073 498340 3785.47 6067.96 -1339.8 9.99999e+20
654870 293633 400753 -4233.5 3777.64 -279.105 1e+21
645110 395094 527465 -1097.13 3176.41 2622.08 1e+21
520467 352564 549734 -4906.39 6999.2 3798.97 9.99999e+20
490357 369027 341084 -8106.01 868.552 82.6181 9.99999e+20
442337 640853 879124 -5124.2 2655.68 -15759.5 1e+21
599702 515378 461543 13331.8 -314.588 3330.27 9.99999e+20
419127 388673 528335 -9946.62 -14494.8 -1073.52 9.99999e+20
580874 504060 564776 -461.223 1752.17 -1295.67 1e+21
535850 160268 359949 5067.68 -1478.44 271.928 1e+21
The object 392 has merged
692676 360092 569531 2070.49 -1802.7 6432.31 9.99999e+20
341747 602402 516566 -2282 13945.8 5976.46 9.99999e+20
The object 395 has merged
The object 396 has merged
The object 397 has merged
423484 893889 569832 -3779.13 -3897.29 -463.772 9.99998e+20
134779 575100 443526 221.585 24203.7 1427.57 1e+21
596258 512499 527972 -4614.83 5309.78 10282.6 2e+21
320756 481436 587699 5168.58 -483.102 9233.05 1e+21
The object 402 has merged
The object 403 has merged
The object 404 has merged
329910 524361 405644 13484.4 1189.43 668.109 1e+21
866942 989298 796980 1473.33 -6107.15 1616.86 9.99999e+20
986160 219392 321245 6097.44 13175.4 -3935.92 9.99999e+20
811350 324315 704013 -2277.46 4392.96 1456.03 1e+21
487099 575211 486473 -13445.4 532.337 1675.58 1e+21
374581 540082 316173 8216.34 2792.33 10042.9 1e+21
973160 663454 61312.5 -8404.84 25006.7 -6201.32 1e+21
485173 477562 599128 -25533.3 9528.45 2539.46 2e+21
379572 426853 799875 -3532.56 -5010.33 -5141.64 1e+21
618935 888788 857770 1259.01 1716.77 -2283.01 1e+21
The object 415 has merged
The object 416 has merged
The object 417 has merged
993497 976036 296298 3510.85 14061.6 3164.2 9.99999e+20
183934 410207 576975 18678.7 1563.81 24738.9 1e+21
The object 420 has merged
385853 430200 484749 370.861 5743.52 -504.778 1e+21
The object 422 has merged
513378 504718 532923 18714.1 -2102.42 8058.79 1e+21
15075.1 305777 258367 -40533.5 5970.99 2740.9 3e+21
456530 538537 204625 3360.99 9351.14 -334.49 1e+21
The object 426 has merged
The object 427 has merged
369904 739634 639628 2838.03 -5378.73 -5846.17 9.99999e+20
470064 521357 491352 4120.08 -539.739 5538.05 1e+21
The object 430 has merged
The object 431 has merged
491915 573460 685702 -2142.95 -2957.1 4019.27 1e+21
913487 790263 519700 2821.64 -13240 2190.86 1e+21
489186 459459 449970 -11437.5 582.999 2778.78 9.99998e+20
492444 650982 509442 -12220.2 26281.1 -9329.6 2e+21
456792 525928 483675 10990.6 -20249.7 18703.7 1e+21
The object 437 has merged
577025 386584 704193 4834.52 -4043.67 16654.5 1e+21
122049 601881 215518 -2422.05 25644.3 -5044.62 1e+21
287455 484838 560351 2509.34 5750.64 4611.65 9.99999e+20
382828 602904 658208 -4838.68 -2981.15 -8886.99 9.99998e+20
The object 442 has merged
581313 622532 601411 -2950.93 -5041 6435.08 1e+21
The object 444 has merged
The object 445 has merged
925213 488449 267840 32231.8 25601.1 484.139 2e+21
394576 872069 823048 35693.9 -9315.09 17542.3 2e+21
492912 579903 597407 6465.34 -5835.51 14965.2 1e+21
852404 608276 625139 1674.9 384.619 25211.5 1e+21
74893.6 177629 411012 15004.2 -6842.05 -5630.73 1e+21
670534 858214 452668 -8884.79 13063.2 7821.15 1e+21
583345 671533 645421 -3089.06 -3264.14 -4794.04 1e+21
464573 525506 443852 -6142.5 10340 1707.16 1e+21
507289 323354 331197 -6612.6 -19647.2 -15923.7 9.99999e+20
596603 472677 359438 -7660.47 29.7271 1354.78 1e+21
The object 456 has merged
511814 640229 367938 4454.06 2611.86 -5016.84 1e+21
404351 477162 442029 -21.5361 22.0395 12115.8 1e+21
The object 459 has merged
455752 489125 485019 3415.61 7901.03 12889.2 1e+21
591417 381486 637258 -6622.52 6592.32 -4865.2 1e+21
461587 434917 515764 -10790.4 1290.69 7390.99 9.99999e+20
380736 420813 453220 87.215 6662.77 -2938.34 2e+21
428932 607666 391320 -7669.49 2123.95 -3305.33 9.99999e+20
The object 465 has merged
The object 466 has merged
648682 460099 430059 1332.85 3378.86 2881.72 1e+21
The object 468 has merged
210404 637566 588252 3108.88 2821.93 -6633.33 2e+21
The object 470 has merged
466518 515573 514430 -7826.54 149.351 -4843.24 2e+21
498184 453164 585450 -10848.1 -1654.68 -13246.6 9.99998e+20
95153.2 265742 59415.5 -38299.8 -23259.2 42567.9 1e+21
The object 474 has merged
The object 475 has merged
627335 375103 485952 1777.45 -4031.23 -429.453 1e+21
558734 409832 399604 -25156.9 4171.38 1946.34 9.99999e+20
The object 478 has merged
581757 468513 518800 -5318.97 -7127.87 8748.82 9.99999e+20
630095 182177 885400 24141.7 -2598.43 -12468.2 1e+21
434175 841192 311610 20418.1 48.4363 1141.68 1e+21
503838 458398 347710 11493.4 -12150.1 -8717.47 9.99999e+20
884090 327588 836056 5624.91 15896.6 -13055.2 1e+21
The object 484 has merged
The object 485 has merged
565281 301473 854552 6701.6 -73.2367 -5132.28 1e+21
The object 487 has merged
906789 889092 995934 -19566.3 -2711.68 -3776.16 3e+21
626187 395347 380684 -615.106 10907.8 9087.28 9.99999e+20
644152 385312 636364 -6258.94 3486.87 11947.3 2e+21
The object 491 has merged
457661 474190 470590 -2978.07 3209.33 2088.87 1e+21
427864 554947 524667 -16672.2 -7170.82 -14146.8 9.99998e+20
708227 542534 471082 10330.2 8755.98 -249.09 1e+21
416533 476062 558025 -626.048 9156.73 6713.02 9.99999e+20
426321 555043 478235 18224.8 -1720.85 4054.53 1e+21
166788 198152 533837 -5642.99 -10871.1 -15544.4 1e+21
578426 665450 538994 -8288.52 -12443 991.686 1e+21
The object 499 has merged
The object 500 has merged
26498.9 942214 493644 16700.4 3828.93 6056.74 1e+21
369648 504034 546974 -14256.2 3756.86 7045.14 9.99999e+20
454834 514709 477987 9437.84 5405.9 1760.53 1e+21
517993 533055 519037 -1872.23 -678.124 5971.91 9.99999e+20
223580 117517 150816 3380.79 -5140.04 -13272.2 1e+21
552331 429637 519844 -2038.33 -5857.55 5161.86 1e+21
622157 196592 348255 -2744.88 4322.82 16502.8 9.99999e+20
414250 866069 962325 590.138 -11276.8 3192.47 1e+21
The object 509 has merged
463697 115488 90011.8 -28605.4 14494.9 2279.66 3e+21
188249 581788 419300 18098.9 1406.83 -4519.79 9.99999e+20
The object 512 has merged
178266 292716 932215 12493.1 -1603.47 4483.3 9.99999e+20
818325 223052 168855 -14177.3 4226.83 -19401.2 2e+21
The object 515 has merged
493851 461364 545309 -7641.03 3287.09 -7128.64 1e+21
The object 517 has merged
The object 518 has merged
The object 519 has merged
352188 489281 451578 -1785.61 10003.5 -2072.38 9.99999e+20
348763 648538 961621 -4341.06 16561.8 -4547.9 9.99999e+20
The object 522 has merged
The object 523 has merged
420590 570965 571127 -7689.11 5801.79 -401.534 9.99999e+20
The object 525 has merged
484306 570117 499638 5722.21 -5065.22 17114.8 1e+21
The object 527 has merged
395416 459027 487406 -7460.87 12133.4 17014.7 9.99999e+20
419146 512219 472235 18880.4 -1326.07 -5253.77 1e+21
331237 577866 566035 8341.62 -6908.21 -2621.4 1e+21
376593 68542.2 266558 -1736.1 -4053.4 16981.9 1e+21
908909 352239 200057 12959.8 5020.71 -661.236 1e+21
482968 38495.2 43127.2 -29507 -9578.77 -1201.91 2e+21
256949 25172.5 644443 -9270.44 -5106.53 4790.49 1e+21
845451 812124 839099 2233.16 3607.9 -27285.7 1e+21
474161 530404 519129 23808.2 2021.59 -1818.62 1e+21
738860 390442 876245 5379.33 -24222.5 -12626.2 2e+21
617498 133651 561214 24397.9 -67.0392 -1827.11 1e+21
305373 492651 459956 -675.499 -3149.9 -6763.22 1e+21
370394 490013 563067 10062.6 -9255.99 -8787.33 1e+21
413878 391315 417283 10581.4 8997.75 -4092.39 1e+21
561514 852051 594103 -1907.6 -7153.31 1182.64 9.99999e+20
The object 543 has merged
448292 508102 527862 2872.08 10158.7 -14982.8 1e+21
The object 545 has merged
The object 546 has merged
868710 353199 196497 -11496.3 -999.026 -812.19 1e+21
The object 548 has merged
581486 444940 428336 3816.42 -1330.51 -9277.63 1e+21
782806 494439 138164 589.541 -3127.96 2296.89 1e+21
468285 578812 517908 -9183.02 -15494.2 2902.5 1e+21
609855 506554 583891 -12741.1 523.394 -3398.03 9.99999e+20
The object 553 has merged
492236 540306 481007 4151.63 -1878.56 9717.61 1e+21
430616 531346 526464 3762.19 3493.64 -1324.89 1e+21
803095 871930 128558 44484.4 22503.5 5502.02 2e+21
793212 665587 86914.2 10917.6 2781.14 -13867.3 1e+21
453145 496304 468658 -30090.7 3814.37 -3475.36 9.99998e+20
417152 340712 515415 802.316 9775.76 342.688 2e+21
The object 560 has merged
492328 516113 484440 -16163.5 -2031.7 -21636.1 1e+21
318006 438773 535426 364.212 2612.04 -1245.45 1e+21
500831 462250 457099 5412.79 12536 10898.1 1e+21
475343 511087 516469 4769.21 16110.7 -3858.99 1e+21
732122 811944 409376 -61.9829 1655.25 19706.7 1e+21
The object 566 has merged
517397 42470.8 80949.4 600.955 589.291 -1231.99 1e+21
129124 87471.5 599928 -3147.69 23973.6 -30011.6 9.99999e+20
356001 576928 297547 3192.26 25016.6 4123.62 9.99999e+20
478897 60649.7 580597 10352.5 13444.5 -8160.63 1e+21
The object 571 has merged
The object 572 has merged
575631 375409 519382 1349.47 757.089 -1591.5 1e+21
254336 510828 510686 9220.11 3960.11 10837.7 2e+21
The object 575 has merged
473964 461488 497540 -13747 1518.19 -11872.3 1e+21
623484 542021 533107 -1827.58 4351.95 -3639.59 9.99999e+20
The object 578 has merged
343023 453978 431659 -1824.75 -12396.6 1783.18 1e+21
497851 761521 359087 4429.4 -3649.62 2734.29 2e+21
465120 490116 483620 27313 -5258.15 -4260.16 9.99999e+20
The object 582 has merged
477875 656734 723475 -773.363 -6267.82 -2906.78 1e+21
586988 380947 372156 -2331.16 2284.65 1427.75 9.99999e+20
543764 509580 500647 11453.6 -6042.62 11779 1e+21
The object 586 has merged
178510 29786.9 148775 -44545.2 15850.3 8594.05 3e+21
858452 181545 371492 -436.743 477.051 -3039.32 9.99999e+20
846985 995044 867972 11414.7 -16540.6 9508.56 1e+21
968506 847419 845510 2503.66 4236.78 3471.53 1e+21
87615.6 74614.6 811916 -4155.17 -2424.3 3097.05 1e+21
420907 566187 464754 8668.36 -10149.1 -1215.11 1e+21
552461 454607 581415 -9241.13 2762.94 -9837.89 9.99999e+20
471138 473404 472403 -4323.51 -13165.8 3461.62 1e+21
710122 831098 388297 -2134.22 6673.61 -11044.6 1e+21
The object 596 has merged
295089 320885 235727 4017.27 5971.06 -644.865 1e+21
518600 562738 491174 -14161.1 -1120.88 6035.03 1e+21
562042 613879 552327 -3263.58 -4630.47 6047.31 1e+21
814622 750888 114153 6869.71 1987.59 10843.9 2e+21
324835 538459 581798 -953.15 -1196.66 -5.26363 1e+21
412295 400041 244523 -2013.82 -17133.3 3073.01 1e+21
82559.3 99778.1 977220 -7036.03 10153.3 5163.9 1e+21
113357 319196 779330 2035.7 6689.68 1760.5 1e+21
The object 605 has merged
542537 498613 483807 -10944.2 -1426.34 -9939.16 1e+21
The object 607 has merged
533388 916331 561838 2388.51 -3426.14 -2183.06 1e+21
The object 609 has merged
The object 610 has merged
The object 611 has merged
67473.1 302241 570317 2716.45 2115.64 19042.1 1e+21
The object 613 has merged
421171 591417 496084 15142.5 5121.71 23894.7 1e+21
The object 615 has merged
553670 535535 564402 7893.64 -1121.52 122.074 9.99999e+20
681994 706082 100812 43267.5 8548.53 4990.89 3e+21
539355 386396 632749 -2542.38 -8101.56 197.924 1e+21
The object 619 has merged
520731 402825 482304 -963.182 -13623.9 -7563.67 1e+21
586676 996407 3523.89 -3122.51 -11991.3 -4431.56 1e+21
490726 388478 398942 -4021.94 -12722.8 -6760.7 1e+21
417505 660111 495951 3138.16 15874.4 -25427.3 2e+21
390399 883254 355225 -6038.38 -629.346 -2750.03 1e+21
The object 625 has merged
409815 505019 493057 9383.73 -13623.9 12865.1 9.99999e+20
The object 627 has merged
433526 94327.3 935183 900.714 -1092.08 2390.82 9.99999e+20
The object 629 has merged
The object 630 has merged
452623 536914 540320 5902.03 -2062.52 -6629 1e+21
543988 487058 589344 5604.26 2225.45 11837.4 1e+21
383751 576543 484359 7087.14 -16378.6 3150.56 1e+21
487037 359284 527593 3197.7 -9273.32 -2473.45 1e+21
The object 635 has merged
776740 752836 473349 2390.81 -16919.7 -23866.6 1e+21
The object 637 has merged
262749 607647 376140 -4983.29 10118.6 3198.38 1e+21
44916.1 616933 897624 -8503.61 -20956.2 -13859.3 1e+21
78759.8 470182 980630 -26915.9 4483.62 7261.4 1e+21
417310 501727 507073 2914.57 38160.4 8653.77 2e+21
452361 552722 495697 -9159.24 56.303 7847.62 9.99999e+20
The object 643 has merged
The object 644 has merged
514225 487205 492732 13588.7 -17291.5 1589.04 1e+21
531906 517991 497509 -2196.17 9744.84 -958.689 1e+21
983732 284169 259632 -9760.8 18726.3 17864 1e+21
575882 519482 512917 12812 16669 -1802.3 9.99999e+20
725675 461184 47645.3 -19353.9 70331.3 -206744 2e+21
369934 685505 715789 -191.435 -27607.7 1843.94 1e+21
The object 651 has merged
The object 652 has merged
74424.8 369578 302905 -5012.13 19051.8 -1378.67 1e+21
526568 512908 528393 -17774.9 -5101.24 4870.86 9.99998e+20
The object 655 has merged
The object 656 has merged
357767 815144 491622 9359.44 26685.6 -92.535 1e+21
The object 658 has merged
537146 423673 414717 16.6419 12544.2 662.877 2e+21
425831 437657 428235 3153.54 950.296 -3101.66 1e+21
328222 309116 985365 -643.789 -25087.4 2592.26 9.99999e+20
931371 990996 512222 5793.05 6591.33 -21502.8 1e+21
628485 237428 166486 6418.38 16487.7 14600.6 2e+21
443658 485156 486081 5353.24 2951.44 -2868.76 9.99999e+20
336982 335366 597388 -6491.14 -7133.19 7872.07 9.99999e+20
The object 666 has merged
509920 449638 607459 -366.83 -5579.14 10364 9.99999e+20
660054 196092 612079 -7698.9 -2666.73 22.5287 1e+21
247571 561075 624299 480.6 17652 24902.1 1e+21
440503 119155 536237 -6152.11 -652.207 -5506.26 1e+21
The object 671 has merged
991428 13493.7 470557 -9491.54 -4938.28 24370.7 9.99999e+20
356041 777349 423820 18125.6 -19295.3 104.626 9.99998e+20
The object 674 has merged
487096 433111 830713 -1906.36 -27169.5 21479.9 1e+21
The object 676 has merged
967317 121706 334365 -13270.8 13162.4 19497.5 1e+21
450728 470545 441052 -4503.53 -5607.36 967.473 9.99999e+20
30538.2 859538 796580 -4771.87 5716.7 -1481.61 1e+21
246986 524996 563917 -17563.5 5141.52 -3326.67 9.99999e+20
461229 631114 448834 3448.86 -17287.9 -6222.78 9.99998e+20
198082 242906 721501 58620.5 -17075.3 5993 3e+21
56364.5 129669 715396 20384.6 -639.028 -28831.3 3e+21
331390 468005 560298 -7606.76 -1584.84 -2183.11 1e+21
417161 575302 447673 -14441 12339.9 -5791.9 1e+21
120937 476753 263986 8003.54 -3051.97 733.429 9.99998e+20
The object 687 has merged
497755 532970 470556 -26232.2 -978.176 -10906.6 1e+21
381168 504554 521572 -442.036 -9721.92 -3758.05 1e+21
968222 679423 784930 32285.9 10382 -61698.6 1e+21
The object 691 has merged
482960 496242 464509 -5817.14 -2549.93 -5786.97 1e+21
The object 693 has merged
461487 507637 475161 -13442.3 2623.75 5597.26 1e+21
494042 508425 436290 -8277.09 -1327.62 -584.143 1e+21
521168 505264 868732 -4728.31 -6660.25 -12062.1 1e+21
The object 697 has merged
446039 579408 385234 5613.59 -10122.7 14691 1e+21
410677 475520 369045 -4717.67 3242.95 5640.53 1e+21
705984 440533 587389 -6493.65 6474.97 -8185.8 1e+21
585207 566865 407168 -9020.45 -2588.19 15248.6 1e+21
The object 702 has merged
674789 695201 737888 -6574.24 4107.71 1757.28 1e+21
230013 745293 749926 -1457.69 -537.143 -14355.3 1e+21
581672 198058 53647.3 45862.1 -12704.8 -44170.3 2e+21
168175 459379 876382 15101.3 -23692.8 4465.01 1e+21
409021 424474 534832 -14514.4 -10811.3 14557.7 1e+21
626236 422432 305277 3395.15 -2129.38 -10010.9 1e+21
The object 709 has merged
461424 481532 541560 -10599.5 8547.5 -15517.8 1e+21
400243 556544 463854 15617.4 -8192.68 5050.16 1e+21
488925 357488 556634 892.631 8007.95 14539.8 1e+21
310570 776877 489099 -2099.37 -2349.84 5985.34 1e+21
659606 417644 565942 2605.01 -3563.12 -835.572 1e+21
637088 54774.2 857135 -16874 8781.3 3731.03 9.99999e+20
661810 324713 157512 -472.182 24568.6 -5855.66 9.99998e+20
507634 402323 428576 -3602.34 1378.24 -8680.27 9.99999e+20
165294 161142 979308 -6137.53 11426.7 -7427.73 1e+21
421224 247407 647149 4848.34 3669.83 -4183.4 1e+21
971419 373781 262078 8979.89 -6816.77 -1188.98 9.99999e+20
The object 721 has merged
678281 172192 300949 403.137 14553.4 -6957.19 1e+21
346680 432999 418165 -2854.52 2356.1 -9218.75 1e+21
603944 216944 204513 -937.63 1339.6 2831.6 1e+21
70969.7 852722 486767 -4895.37 -10997.7 -773.009 1e+21
The object 726 has merged
The object 727 has merged
The object 728 has merged
The object 729 has merged
723024 117278 899764 26735.8 -5066.94 -11353.2 9.99999e+20
460006 547697 509571 2598.87 9539.68 2341.87 1e+21
433512 433949 450748 5126.87 5386.57 4456.66 1e+21
669279 149441 176592 2509.71 -4049.93 -3975.1 2e+21
479190 562669 515070 4345.59 -10522.8 -7815.18 1e+21
503276 488028 422168 -3984.3 -8648.7 2210.31 1e+21
The object 736 has merged
456263 411727 513256 -4035.89 18928.4 2710.43 1e+21
486719 529231 444932 2767.88 1384.94 17227.4 9.99999e+20
101464 184553 730090 -5684.58 1956.93 3045.48 1e+21
The object 740 has merged
757979 573920 452235 -3397.88 -24617.6 -2411.98 9.99999e+20
450034 544450 569062 17725 -7494.45 -14214.5 1e+21
507922 469660 349118 315.088 81.0356 -9336.5 2e+21
The object 744 has merged
882402 811475 911097 9989.89 232.404 -6406.32 1e+21
522849 636815 512502 4008.79 461.147 3492.63 9.99999e+20
413614 533781 495280 6613.82 9120.45 1890.15 1e+21
622115 438477 631229 -979.767 -2507.68 -2114.79 1e+21
390939 580385 136820 962.516 23291.8 -402.251 1e+21
389693 557770 448624 -7310.02 -7266.9 3691.67 1e+21
293673 534720 498189 -12844.3 817.637 7280.18 9.99998e+20
450930 553858 285236 -5092.2 6803.72 -20269.5 9.99999e+20
483975 394306 454486 3316.9 7833.55 230.303 1e+21
The object 754 has merged
380318 500004 530938 7933.44 -3289.18 2698.53 1e+21
585941 436781 411596 7257.33 -13451.8 -8845.37 9.99999e+20
402175 447360 539335 8295.92 9704.88 -15388.5 1e+21
493361 527290 514716 8278.68 -24761.3 13530.3 9.99999e+20
171669 984318 255160 -4208.18 5155.11 13767 1e+21
The object 760 has merged
3750.26 224780 111073 -7707.36 12964.2 -4141.36 1e+21
The object 762 has merged
The object 763 has merged
427201 523511 498920 17665.8 397.934 1914.57 9.99998e+20
The object 765 has merged
767454 506386 522632 -8099.8 2941.19 -4572.51 9.99998e+20
426151 560534 526115 -1908.72 5326.38 2515.08 1e+21
738864 272693 453005 1576.46 20422.5 5672.41 1e+21
The object 769 has merged
512271 499205 536573 22084.2 8153.68 -9236.49 1e+21
470931 531438 501719 21063.9 -14673.3 -14790.3 9.99999e+20
414550 644149 350158 4322.6 -2015.86 8017.5 1e+21
87562.2 796736 472229 1980.06 180.13 2037.62 1e+21
The object 774 has merged
179116 311295 395706 -9185.78 9250.28 -2429.09 1e+21
957155 828823 74278.6 11775.7 -16441.5 -7523.52 9.99998e+20
515967 509972 557822 -16746.7 13954.5 -10769.8 1e+21
496876 501302 492522 17219.2 13598.4 -4176.99 1e+21
The object 779 has merged
476212 753266 562529 -1159.33 -4317.64 -4697.85 1e+21
454360 353531 447293 -3098.62 -1835.59 -3445.68 1e+21
415423 488789 501239 21106 -1263.01 6143.99 1e+21
366355 13628 559606 -1244.71 693.722 -2265.03 1e+21
475442 520999 407283 16741.4 -27704.4 8154.99 1e+21
462533 494943 442132 18586.7 5347.15 -16132.9 1e+21
462269 441573 463790 4393.57 5582.33 -14515.3 1e+21
431143 558101 509796 -6314.23 3032.4 11098.7 9.99998e+20
611360 437212 596003 4192.28 -6096.72 5388.56 1e+21
527354 493125 455516 19379.2 7809.67 743.94 9.99999e+20
479376 550778 562726 3521.34 -8800.4 -19142.6 1e+21
498463 549391 403404 6273.1 -11102.6 11196.2 2e+21
517454 709920 536688 3087.19 4237.25 6034.09 2e+21
The object 793 has merged
549676 831295 71423.7 2937.21 -18272.5 -5317 1e+21
635803 937074 736874 -627.277 -23.1283 -2580.54 1e+21
The object 796 has merged
367039 561216 359280 -6461.44 7178.03 -10150.7 9.99998e+20
600674 403827 601077 2637.39 -3021.26 5041.86 1e+21
112994 193354 829096 -7405.17 13602.9 4919.97 9.99999e+20
The object 800 has merged
384123 97311 229091 -11115.9 -8355.02 3981.23 1e+21
465512 515669 547624 15045.1 -296.995 22035.3 2e+21
575621 699712 478648 29946.9 -7898.81 -50708.5 1e+21
The object 804 has merged
689515 312435 197878 -20709.6 18516.8 17760 9.99999e+20
37501.4 699534 998841 -8934.72 -17615.2 -5803 9.99999e+20
228762 737891 529809 812.822 -7012.11 -2081.07 9.99999e+20
495201 598601 572773 -771.546 -6699 -7075.57 9.99998e+20
673929 643103 424886 -3680.69 -1284.48 -25866.2 1e+21
The object 810 has merged
441723 484219 358857 -328.174 1432.31 -10652.8 1e+21
The object 812 has merged
The object 813 has merged
The object 814 has merged
The object 815 has merged
814211 530266 886495 8648.51 2219.74 389.027 1e+21
The object 817 has merged
225645 734659 102081 -3297.02 -15523.7 9150.46 1e+21
384254 833431 606114 -1129.27 -12854.6 -389.979 9.99999e+20
The object 820 has merged
504532 557041 520598 16089.4 11596.9 -5350.68 1e+21
The object 822 has merged
575066 341859 421928 3647.52 -5953.35 -767.719 1e+21
779950 872730 314973 -13860.8 3608.14 -761.489 1e+21
869011 36596.1 390421 3606.33 5581.15 17358.5 1e+21
84768.5 323236 895408 -243.239 -1599.18 2531.39 1e+21
485885 469250 659726 1255.65 -3981.33 -696.267 9.99998e+20
411667 427488 360480 -9842.74 -7725.29 -8193.15 1e+21
735651 179544 740042 3482.52 -18291.5 2073.77 9.99999e+20
The object 830 has merged
458625 493331 459801 -5586.09 10821.4 4166.39 2e+21
The object 832 has merged
353359 592750 484843 -245.572 -13585.4 5940.65 1e+21
661368 402381 676237 -4698.38 128.395 -3837.06 1e+21
475714 62941.6 425302 6306.58 -25010.2 -10908.4 1e+21
The object 836 has merged
The object 837 has merged
618827 332309 559481 3986.02 -4675.28 2506.77 1e+21
429366 456602 481628 9203.71 12557 -3241.4 1e+21
685652 181672 173791 3044.53 -3466.99 13184.1 1e+21
917546 296985 615654 -5684.38 -8030.91 12390.3 1e+21
375226 502066 503003 -7431.32 6000.29 3014.69 1e+21
520551 413140 463377 -240.621 -69.4945 5531 1e+21
100523 911957 379727 -16851.5 -275.587 -14230.8 2e+21
447760 505168 474950 -965.727 -710.132 8848.45 1e+21
452292 873353 598209 1614.55 -12103.4 -584.016 1e+21
910520 127303 684753 2219.63 -1037.07 4483.11 9.99998e+20
424615 529051 490222 -1703.68 -10413.1 5504.78 2e+21
597316 572815 512673 -6494.13 -362.368 210.085 9.99998e+20
The object 850 has merged
625087 729715 591138 -6027.07 -4271.22 -994.985 1e+21
The object 852 has merged
755513 545001 836070 506.581 6360.55 5345.57 9.99998e+20
917271 5030.23 800018 5207.77 -2566.43 3332 1e+21
The object 855 has merged
The object 856 has merged
892455 475101 146387 9289.33 -3000.46 17811.4 9.99999e+20
451916 487869 528653 -1321.66 -6680.22 -7613.89 1e+21
529530 489014 509727 4565.05 1102.9 7100.55 2e+21
The object 860 has merged
624191 321100 596220 -5235.12 3460.61 22391.7 1e+21
The object 862 has merged
281164 682919 39771.8 22360.5 18501.9 -4231.78 2e+21
98717.6 741315 559623 3278.87 2705.68 393.963 1e+21
461382 486800 486165 10187.9 10806.8 13854.8 1e+21
The object 866 has merged
551385 521484 505270 11160 11053.7 7579.36 1e+21
124402 445392 17104.7 11507.9 -2979.17 -1672.85 1e+21
920350 106769 591021 10621.1 -7839.4 11470.6 1e+21
257746 601326 451242 8581.17 -7198.03 4546.41 1e+21
696994 107586 80259.3 95.0585 -422.855 -1430.16 9.99999e+20
795365 386046 796792 10962 -1271.77 1794.58 1e+21
921181 923629 115156 -7897.5 7832.74 -4765.81 1e+21
432989 525464 505546 5774.83 -13500.7 -4413.33 1e+21
The object 875 has merged
74994.8 608936 193849 -2467.14 5366.19 150.105 1e+21
The object 877 has merged
The object 878 has merged
The object 879 has merged
The object 880 has merged
336916 270119 696981 -14533.8 -10995.3 7911.67 9.99999e+20
The object 882 has merged
882672 808428 544888 4871.23 -60166.1 165208 1e+21
935376 58321.5 911497 -13007 -10753 -14500.8 1e+21
476956 520431 447890 12107.1 1487.46 12271.7 1e+21
441702 540624 541010 -11119.5 18541.9 13883.5 9.99999e+20
645182 460764 584322 2234.08 -3117.51 2263.07 1e+21
513496 653748 28782 -1456.12 -997.248 -15845.1 9.99999e+20
497134 465355 519652 22248.2 -3974.41 13956.9 9.99999e+20
340425 569926 347879 8301.67 2159.73 2184.27 9.99999e+20
490082 526583 486801 5830.65 18741.2 -11227.1 1e+21
864158 851696 860089 -10557.2 -12277.2 -11569.8 1e+21
The object 893 has merged
465038 424836 455853 4349.83 -426.039 -2909.9 1e+21
The object 895 has merged
The object 896 has merged
871044 218436 623853 14474.6 81101.9 -32694.7 1e+21
The object 898 has merged
657168 30807.9 769973 35849.7 10058.3 -25710.1 2e+21
147527 219449 732134 -569.093 274.679 -1377.73 9.99999e+20
682283 408188 660372 -5125.57 -278.319 -5175.74 9.99999e+20
431386 674795 704433 1138.53 15368.3 20595.1 9.99999e+20
90981.4 158201 772238 -9313.1 -9070.02 5675.91 1e+21
The object 904 has merged
The object 905 has merged
873874 623105 388968 -2930.22 5798.51 -1656.63 1e+21
296749 94640.8 661323 -1469.42 8943.22 -1137.75 1e+21
367064 15184 819157 -3584.33 15283 -182.554 9.99999e+20
The object 909 has merged
371274 604698 480785 16279.2 -7792.48 300.512 1e+21
494694 512570 470717 3924.83 -5528.68 -2244.84 1e+21
The object 912 has merged
727470 665922 660107 -5890.95 -2075.71 -4250.86 1e+21
111630 571168 485417 -400.504 3864.02 125.986 1e+21
488356 413609 534305 7584.3 2734.12 -6495.09 1e+21
The object 916 has merged
The object 917 has merged
543377 136120 134702 1183.01 2695.51 -1515.94 1e+21
817724 650188 297652 -22107 -6820.15 -40492.5 4e+21
613838 64053.7 868498 -1418.94 16810.8 4983.86 1e+21
The object 921 has merged
98423.2 571132 690932 3535 -13671.4 -26464.4 9.99998e+20
The object 923 has merged
418797 440434 449152 -11248 10603.3 -5601.65 1e+21
The object 925 has merged
The object 926 has merged
472455 290778 283471 -3166.42 3105.37 -1755.58 1e+21
818269 974411 871784 8939.95 -14357 9199.33 1e+21
884355 830078 416222 4347.68 -11733.9 -2574.51 9.99999e+20
The object 930 has merged
The object 931 has merged
584353 307503 420372 8410.21 2168.69 -2631.85 2e+21
The object 933 has merged
The object 934 has merged
555209 531827 472612 -17507.9 12277.4 -10603.4 9.99999e+20
657932 891934 276421 -2213.56 5321.59 16963.2 2e+21
589948 476425 427150 8995.44 705.271 2505.95 1e+21
813323 404726 325517 1062.35 -883.964 2279.27 1e+21
The object 939 has merged
The object 940 has merged
983231 409210 770059 1910.93 2767.32 -54.6304 1e+21
589752 397630 136844 8787.52 24400.3 -10125.4 1e+21
526476 508022 533003 -3241.97 868.837 5838.03 1e+21
486606 66999 939244 -6092.58 -13679.5 11304.3 1e+21
467359 481322 574117 -71.5737 -950.959 18001.1 1e+21
65209.2 175999 964841 -5292.82 -4036.32 -6672.37 9.99997e+20
The object 947 has merged
The object 948 has merged
The object 949 has merged
147753 81825.3 1897.21 -5352.99 16313.9 -13059.9 1e+21
The object 951 has merged
442348 600778 454369 -23026 703.734 431.352 1e+21
879576 679712 131792 3050.53 9867.7 -8590.3 1e+21
868915 434694 980360 10088.2 3192.31 11515.6 9.99999e+20
538540 648635 589458 -7902.14 -5985.97 -3687.31 1e+21
313332 472656 538532 696.389 9082.1 7506.48 1e+21
488603 465493 437130 -4392.29 -7389.47 -11561.2 1e+21
The object 958 has merged
760144 701494 946660 3994.33 -15654.9 -9092.67 1e+21
501910 732890 686205 4926.39 -3798.49 -7495 1e+21
261904 547049 624795 -3720.87 -19028 4640.1 1e+21
427798 365363 214530 28451.4 -9693.2 5330.35 2e+21
The object 963 has merged
508791 77569.2 63129.5 3846.58 1021.45 -4329.6 1e+21
580929 595902 475225 9529.92 -1628.52 3351.61 9.99999e+20
574724 536266 498618 -14665.4 1130.76 5169.28 1e+21
The object 967 has merged
762495 54924.8 161060 510.134 -698.162 -1200.98 1e+21
The object 969 has merged
414203 787602 520235 7492.78 -5623 -1878.07 9.99999e+20
452908 480375 522184 -1569.66 -1188.5 -14297.6 1e+21
416011 505893 577338 4508.96 2354.53 6502.49 1e+21
The object 973 has merged
509089 433504 441508 1802.37 1485.82 -7916.19 1e+21
904926 757173 237975 -2437.96 30154.8 -13047.4 1e+21
The object 976 has merged
The object 977 has merged
416773 403688 912412 -4970.36 -19667.4 19841.7 9.99998e+20
524700 549192 444403 17055.7 -2360.41 5005.75 1e+21
419855 573205 377266 -4226.46 -3159.73 1153.57 9.99999e+20
The object 981 has merged
338646 540382 470069 11009.4 10481.9 5031.44 1e+21
The object 983 has merged
486107 429872 405581 575.076 11196.7 4340.2 1e+21
487061 462215 518635 -11652.5 -4118.53 -4592.69 9.99999e+20
331402 488710 452524 -8168.09 -852.916 540.908 9.99998e+20
765401 629677 604070 -5976.58 -1014.96 -5763.5 1e+21
The object 988 has merged
973606 133044 625663 2824.09 -12291.1 -564.278 1e+21
The object 990 has merged
640685 392410 491812 2274.22 -5984.02 -5825.73 2e+21
151708 196791 42057.1 -11144.7 -7819.46 -5941.42 9.99999e+20
The object 993 has merged
The object 994 has merged
398768 555804 548969 11180.4 -15804.1 -11742.4 9.99999e+20
917067 400189 715669 38636.3 7537.16 -22234.7 2e+21
The object 997 has merged
367765 921481 128026 -17.7161 2889.82 10170.8 9.99999e+20
The object 999 has merged
542032 494235 518608 14164 -2680.05 -3345.84 1e+21
472406 503282 457644 4726.75 -8219.29 -16129.2 9.99999e+20
337675 418889 929585 -2698.23 1507.62 15969.8 1e+21
252125 402047 767989 -2463.85 21495.3 -16141.9 1e+21
839462 212239 576583 7053.25 -9487.55 7374.81 9.99999e+20
The object 1005 has merged
The object 1006 has merged
The object 1007 has merged
461385 484908 676667 3551.16 -1062.01 -7924.88 9.99999e+20
185019 543083 794285 20604.8 4503.19 5104.57 1e+21
23593.9 424335 511491 4395.92 -1665.44 1924.87 1e+21
The object 1011 has merged
The object 1012 has merged
521646 425789 509504 8045.96 -1758.24 -10182.1 1e+21
The object 1014 has merged
537784 810748 829992 -570.43 6463.14 8595.25 1e+21
29089.8 390901 106383 -41540.1 8559.7 1191.95 2e+21
The object 1017 has merged
The object 1018 has merged
459258 575449 470507 -3292.06 6412 -11759.2 9.99998e+20
The object 1020 has merged
264483 905900 547646 -8349.22 2896.66 5790.2 9.99998e+20
244702 845408 448333 14196.1 3943.05 271.109 1e+21
742250 984086 562900 -132.222 4910.4 7643.69 1e+21
907338 349234 236362 4440.13 15489.7 17200.5 1e+21
The object 1025 has merged
299613 270355 87524.3 577.82 1958.95 -183.231 9.99999e+20
481264 474532 629563 7479.28 2660.49 11830.2 1e+21
The object 1028 has merged
520454 429030 652216 -3466.24 -1809.93 4009.76 1e+21
The object 1030 has merged
504826 158107 948754 -189.211 -4540.92 -28705.2 1e+21
801061 787492 953976 3492.55 -14396 26998.9 9.99998e+20
576853 455471 377020 8507.29 -4373.9 -11690 1e+21
374539 618562 649576 8696.38 -1707.36 4040.48 9.99999e+20
79161.4 22363.7 114306 -4202.2 -3646.28 -2884 1e+21
390131 484158 436532 -7578.93 3284.64 2740.25 1e+21
The object 1037 has merged
134506 121461 536023 -5569.28 17317.4 -7094.84 9.99998e+20
226489 203544 687452 -5365.98 14974.7 3984.8 1e+21
431879 325240 502722 498.394 -9583.62 3256.94 9.99999e+20
460763 558021 482157 -1086.66 7505.33 -4651.4 1e+21
The object 1042 has merged
7247.76 670978 265999 6194.95 -16646.4 14340.8 1e+21
967768 801518 928185 4694.08 4891.51 -10007.2 9.99999e+20
The object 1045 has merged
377585 495472 482696 -8091.11 4261.21 10335.6 1e+21
530608 521701 409600 -5876.43 4979.37 -15482.8 1e+21
366491 348655 788038 6437.39 13888.7 5463.21 1e+21
568064 524934 436471 6765.86 3770.93 8953.41 1e+21
487925 506715 382742 10072.3 -2580.3 -6602.89 1e+21
586255 730896 979971 -1607.35 -2057.3 6360.9 9.99999e+20
81535.6 405021 468797 -102.308 -23249.5 -913.231 9.99999e+20
756711 165874 813028 6562.27 877.485 13362.2 9.99999e+20
386975 206721 118874 8962.99 -6794.19 -4066.38 9.99998e+20
881565 181372 400844 4992.17 -4984.63 22456.5 1e+21
255943 48181 785282 -16356.4 13409 136.405 1e+21
The object 1057 has merged
527546 620155 555517 -10491.8 3216.53 -7657.42 1e+21
The object 1059 has merged
The object 1060 has merged
382321 433651 523579 -4922.19 -7024.34 6975.65 1e+21
463759 548692 493216 1402.22 -7444.54 -16612 1e+21
659282 36534.4 723822 1652.14 -10492.7 32197.7 9.99999e+20
The object 1064 has merged
The object 1065 has merged
471124 841620 876059 7669.99 6173.02 2393.38 1e+21
The object 1067 has merged
608469 478480 81317.4 -28253.3 -15740 2417.14 2e+21
442277 530404 525097 6864.66 -7909.04 -22377.8 1e+21
142245 951054 447037 -4899.15 -9299.6 20197.1 9.99999e+20
776085 230437 904626 -20701 -6989.84 7900.7 2e+21
48669.5 945923 814683 -2904.91 6684.42 1860.12 1e+21
The object 1073 has merged
The object 1074 has merged
930017 408356 504559 4610.6 21126.7 23115.2 9.99999e+20
231572 732717 919534 1865.96 -21274.2 15536.5 1e+21
The object 1077 has merged
479692 530939 486095 2742.99 -4400.96 -2874.64 1e+21
614833 233288 762672 -2941.54 18241.1 1921.63 1e+21
The object 1080 has merged
362326 350444 384913 987.671 3536.67 -4468.21 1e+21
248401 514094 485226 -7345.65 4210.3 1082.42 9.99999e+20
510516 477432 561982 -604.049 6811.08 18518.1 1e+21
422655 476016 418820 -1817.51 3969.69 530.836 1e+21
The object 1085 has merged
The object 1086 has merged
506550 506589 576383 911.318 -2722.95 4620.42 1e+21
557421 656725 618065 6027.93 -6705.15 -2859.12 2e+21
464675 609313 442371 2260.67 -2527.99 -2098.18 1e+21
The object 1090 has merged
The object 1091 has merged
547569 387146 515871 10074.9 382.964 -314.302 9.99999e+20
456010 540893 482919 -7586.83 937.392 12313 1e+21
515050 957098 196554 -636.97 -202.589 -1294.59 1e+21
451100 567943 472062 -16547.2 2112.25 -2826.23 1e+21
473797 609602 571188 -5617.94 5688.85 263.33 1e+21
The object 1097 has merged
871944 87579.2 450751 3430.32 -21535.9 1008.81 1e+21
553342 749587 593554 -1539.03 -8432.82 -5004.83 2e+21
490002 586152 506745 -6004.75 -8820.42 -9314.17 1e+21
The object 1101 has merged
306434 400693 752775 -1460.5 5364.47 3304.49 9.99998e+20
207015 112805 591050 -13481.4 1074.7 33795.9 1e+21
296752 837185 722379 -3556.03 -1126.42 -4013.24 1e+21
772054 805471 645054 -4332.8 2933.67 -1780.97 9.99998e+20
526053 569530 395709 510.212 -6513.55 2110.56 1e+21
519735 331442 957031 -3416.43 23770.6 -15758.3 9.99999e+20
324205 635945 503125 -5254.17 6857.21 -1140.6 9.99999e+20
643686 936385 616832 -613.716 3218.37 -584.816 1e+21
659346 590945 936194 -17326.3 1319.9 -10120.9 1e+21
520869 460535 535357 3184.9 -5387.87 4501.91 1e+21
180588 90694 491876 -5225.49 11013 -21625.8 9.99999e+20
The object 1113 has merged
545742 556582 416943 -1782.18 1655.77 32.4526 9.99998e+20
366489 585825 500502 -27746.4 -14495.8 -759.571 2e+21
512312 635381 136567 10130 -1915.75 -14003.4 1e+21
903751 909155 175735 4742.74 3487.23 -2195.33 1e+21
The object 1118 has merged
492575 522542 448870 24981.2 -3234.45 -5232.54 1e+21
The object 1120 has merged
863419 98611.2 578254 49927.7 9614.11 29059.7 3e+21
520577 554481 559059 -1190.78 -333.111 17853 9.99998e+20
210297 513102 194798 -5815.2 24657.2 17178.3 1e+21
659307 884857 689720 -3232.98 3313.32 12256.6 1e+21
503850 410673 637235 3540.85 -1067.81 3656.19 9.99999e+20
652310 340100 40012.9 -2019.46 -36.5778 1909.58 1e+21
702710 374359 87792.1 762.818 17809.8 -3053.58 9.99999e+20
The object 1128 has merged
503790 463797 318982 -728.98 -5459.57 -1507.77 9.99999e+20
The object 1130 has merged
The object 1131 has merged
724862 417320 377583 -1791.71 -17464.4 -6440.91 9.99998e+20
182472 906415 970579 -2513.28 5513.72 1013.27 1e+21
The object 1134 has merged
The object 1135 has merged
47171.6 288124 528472 -600.512 -6570.81 7157.85 2e+21
397055 488210 487926 -25519.6 7819.39 -670.794 1e+21
114928 306887 92690.7 -9737.67 -11364.6 -9803.19 1e+21
473976 162887 153028 7604.13 -11862.9 -9387.93 9.99998e+20
847936 440763 717939 -3524.83 -1802.04 -1616.21 1e+21
516203 292854 5977.24 -6285.27 -11783.6 -10559.6 1e+21
513388 543640 563122 10745.1 -11552.6 -58.0143 1e+21
457127 490757 536735 -8731.24 -11044.3 1183.78 9.99999e+20
66530.9 464334 66349.3 -6733.48 19640.8 8923.49 1e+21
353140 673906 947174 -324.096 23695.7 -7943.91 1e+21
437708 926084 936278 -7259.24 -6012.92 -4109.64 1e+21
The object 1147 has merged
448903 485499 477184 -7975.28 -19275.7 -240.879 9.99999e+20
494919 528703 538813 -4486.53 -3493.23 3180.52 9.99999e+20
508711 511819 467470 -932.707 -638.816 7419.13 1e+21
490211 476313 470865 -5643.32 2270.17 9808.91 9.99998e+20
861734 314498 703007 2322.72 35957.2 -2555.04 1e+21
590242 336456 735383 -7254.82 -1229.23 -2403.12 1e+21
360026 559984 367646 -14620.9 15880.8 -8549.88 9.99999e+20
376861 541746 480244 -12911.8 -3723.43 -11671.9 1e+21
483525 451668 427357 665.201 -29028.9 12329.4 9.99998e+20
569651 558369 537156 1799.79 11565.8 -627.111 1e+21
525433 450032 425701 -2726.91 -67.6895 -6506.7 9.99998e+20
395368 588746 464862 16114.7 -5686.28 4535.16 1e+21
478633 567358 548011 -763.23 3030.99 9296.12 1e+21
547923 170228 121858 1767.93 335.037 -989.118 1e+21
159245 293382 3004.48 -1130.98 -121.184 4361.28 1e+21
536514 432418 435818 -15125.4 12666.6 3319.51 1e+21
404639 534138 545032 11034 -16305.6 -10628.9 9.99999e+20
597280 942529 679670 1162.67 -924.355 -3519.62 9.99999e+20
The object 1166 has merged
823454 296025 449810 -16930.9 14913.1 -2954.27 1e+21
The object 1168 has merged
573658 425443 574324 872.778 -2704.13 11006.5 1e+21
380310 605267 98596.4 -25901.8 -27173.3 -26530.6 2e+21
The object 1171 has merged
473244 699519 542715 -3626.96 11590.7 -8442.01 2e+21
459534 337053 313651 2315.07 -2893.71 19857.9 1e+21
554597 505458 488364 3499.28 -19358.8 1966.59 9.99999e+20
The object 1175 has merged
670156 143633 836393 -20935.9 -11397.7 4402.33 2e+21
The object 1177 has merged
991446 68338.6 832808 -7862.56 -6114.57 -10387.4 1e+21
224143 329273 454912 363.181 18581.3 -1939.99 1e+21
The object 1180 has merged
294638 888289 420808 12404.9 -805.46 -26767 2e+21
792649 447264 816935 -14631.7 -2928.17 2744.17 1e+21
763612 93189.7 111360 1831.27 8267.96 11163.4 1e+21
443986 464081 366746 4303.17 -8168.41 -9408.63 1e+21
493844 520096 493743 -253.255 -7706.92 -3049.49 1e+21
83757.8 159272 464228 -4522.87 13756.2 20938.9 1e+21
496530 563827 526939 17257.6 3418.22 -9379.33 1e+21
423585 549126 584160 4646.78 -6944.15 -3664.29 1e+21
399828 448735 493664 9909.2 14275.3 7444.31 2e+21
398610 242677 314834 -937.65 -805.564 17343.3 9.99999e+20
The object 1191 has merged
625484 529065 245192 -6734.26 2919.29 5587.91 1e+21
The object 1193 has merged
255719 577456 545319 13432.5 227.55 2197.24 1e+21
859138 956811 563579 -6508.25 -27168.8 26785.7 1e+21
499564 512404 483068 -1782.33 -3400.4 2023.74 1e+21
331332 546868 339205 2906.04 6367.13 -3497.03 1e+21
803609 986154 196624 2218.91 2349.3 -2291.72 1e+21
536569 483806 483744 -4535.89 15924.3 2556.17 9.99998e+20
977591 170074 795735 6545.26 11944.9 2173.16 1e+21
648313 540937 481738 -10061.9 2684.24 1766.82 9.99999e+20
The object 1202 has merged
The object 1203 has merged
560087 998129 634580 -716.013 -4728.72 25214.3 1e+21
438224 449624 485991 -5524.24 11756 -179.086 9.99999e+20
426746 48466.7 372538 -26065.6 -5795.76 20858.6 2e+21
149325 835395 330939 -2417.89 2300.96 17283.1 9.99999e+20
493694 432012 21084.8 1640.21 19116.4 6799.61 1e+21
The object 1209 has merged
515127 521341 478201 -17291.9 -10130 19006.1 1e+21
390928 586085 503251 -3338.55 9859.97 -2360.48 9.99999e+20
419090 481119 446059 -11481.2 -144.168 -1535.66 1e+21
408980 545991 480087 -14683.1 -8108.23 2361.88 9.99999e+20
467959 443946 511137 -5497.54 10679.1 6786.88 2e+21
466126 573244 475304 -21823.8 -6932.71 -4384.43 1e+21
559746 649292 456610 -695.544 -9233.73 -1151.68 1e+21
The object 1217 has merged
The object 1218 has merged
917260 647337 530507 4036.61 -18973.6 -8470.53 2e+21
621005 934480 277039 7609.8 32304.9 -2513.97 1e+21
The object 1221 has merged
The object 1222 has merged
The object 1223 has merged
714624 29050.9 821508 -1750.5 -17152.1 1174.1 9.99999e+20
612948 370353 491719 3296.5 -10879.5 5213.48 9.99999e+20
276447 547435 90856.1 -1246.29 -18853.7 10374.5 9.99999e+20
223334 7481.65 946569 -4392.2 -3942.15 4924.96 1e+21
The object 1228 has merged
The object 1229 has merged
438715 492051 542957 10493.6 14249.6 -18871.6 2e+21
The object 1231 has merged
684837 200947 473811 -1539.91 -618.604 18064.2 2e+21
330653 467709 448840 13229.6 4750.67 6575.33 1e+21
The object 1234 has merged
495512 509413 453548 -6386.09 9521.19 -6608.59 1e+21
412582 608761 444513 7068.4 -9038.45 8121.94 9.99999e+20
778248 460319 833215 -5656.58 10738.1 11010.5 1e+21
272106 388486 478610 -3287.93 -437.716 6486.29 1e+21
413963 529955 542403 -10367 1652.32 9502.56 1e+21
826337 263967 444750 -3580.31 2321.57 -3998.28 1e+21
The object 1241 has merged
288502 142838 362696 -3122.66 13810.5 -24461.1 1e+21
The object 1243 has merged
484277 142715 441044 5146.49 -39468.2 4902.34 9.99999e+20
The object 1245 has merged
536903 984767 813449 -1710.69 2934.96 27704 1e+21
498150 597522 634181 -443.742 6564.15 12695.5 1e+21
202076 437955 492477 -9309.29 -20257.5 -18946.3 1e+21
170813 727927 295076 4902.91 8918.99 10226.7 1e+21
358605 346355 523125 106.654 -4236.6 -6880.65 9.99999e+20
881732 929042 372567 -12456.1 -12169.3 -26657.8 9.99998e+20
The object 1252 has merged
The object 1253 has merged
564939 416292 498357 8941.23 -7526 -6467.97 1e+21
The object 1255 has merged
989429 949458 343152 22035.9 -26786.2 -11226.2 9.99998e+20
553562 510869 536754 21539.4 -3107.98 127.059 1e+21
The object 1258 has merged
507877 902837 160619 -8564.9 896.37 -7015.26 9.99999e+20
389887 512715 454543 -722.118 -6692.07 -7070.34 1e+21
463024 214859 984400 13614.9 -28357.7 -10593 2e+21
414634 457384 445681 2765.69 13860 -5489.09 9.99999e+20
476665 569334 487139 -12795.8 8712.77 -8390.27 1e+21
The object 1264 has merged
The object 1265 has merged
358344 437486 724099 8316.98 -16614.2 8717.1 9.99999e+20
The object 1267 has merged
254339 710977 168485 -1601.63 -16985.9 11580.6 1e+21
460592 721072 918370 -2679.36 5111.38 -1889.84 9.99998e+20
382931 886910 41988.7 -24078 -13274.8 7368.3 2e+21
398317 441513 382805 2237.44 1794.34 1601.12 1e+21
The object 1272 has merged
830140 654480 231758 -10594.2 -150387 -66726.6 1e+21
394628 168414 321969 1803.35 5391.47 1799.36 9.99999e+20
699433 998148 773520 1960.62 -6198.95 -14893 1e+21
480030 6151.07 119483 -43963.7 2041.97 19706.1 2e+21
430432 418462 386180 -9622.1 -466.263 9637.15 9.99999e+20
639787 875742 316637 22918.2 209.239 949.366 1e+21
541548 369813 835988 -1486.03 1514.61 -4832.11 1e+21
547858 497815 494668 4447.5 -10391 -18792.4 1e+21
530291 609397 368528 14207.3 10106.1 -4904.93 1e+21
411791 577797 597491 4756.99 -4916.29 -2658.05 1e+21
517406 541750 510351 448.862 4042.15 5008.04 1e+21
588220 625422 478951 245.153 2852.65 3320.65 9.99999e+20
The object 1285 has merged
The object 1286 has merged
446497 119881 777271 447.813 5992.82 -9423.91 9.99999e+20
472035 584396 390932 1935.19 -2823 6779.53 1e+21
The object 1289 has merged
417880 480576 571302 9022.95 -2317.33 -7130.84 1e+21
97466.2 815249 29145.3 -3236.54 3741.59 -3726.45 1e+21
The object 1292 has merged
472289 522166 547568 -3148.01 -311.782 -17090 1e+21
The object 1294 has merged
336096 338684 556765 1936.09 6630.84 -7352.22 1e+21
438191 534574 466164 -2619.65 18834.5 -12256.4 1e+21
423228 113010 92133.2 -21672.1 11529 11771.2 9.99999e+20
590020 634361 744489 -471.704 994.675 -9796.37 9.99998e+20
426844 152808 905261 -432.854 -542.658 2523.57 3e+21
641803 82061 335380 3156.32 -5207.08 9261.36 1e+21
The object 1301 has merged
430243 627797 812810 -4433.28 -12194 9188.45 1e+21
496496 517535 491119 -5776.13 8586.41 1636.54 9.99999e+20
The object 1304 has merged
436780 462023 405777 -9607.77 15261.4 -2869 1e+21
The object 1306 has merged
296004 541713 486045 -2074.25 -6836.77 -4061.54 1e+21
887179 192111 193897 4498.47 -6206.76 2369.33 9.99999e+20
847964 80609 571571 -3714.69 6511.52 -14459.7 1e+21
778328 102466 671703 5584.22 10963.6 -17756.1 1e+21
844601 823108 580320 -1223.74 -255.959 4343.37 1e+21
The object 1312 has merged
552113 490401 483434 -7511.97 347.47 12380.1 1e+21
385009 511123 595271 9931.65 3802.44 -3294.59 1e+21
The object 1315 has merged
480766 411397 458882 -5095.02 1901.25 10079.3 1e+21
The object 1317 has merged
355174 208120 434757 7770.7 -9895.13 3617.32 1e+21
484395 453231 458918 -9867.22 19916.2 8240.91 1e+21
508060 49364.8 307293 -21818.9 -3919.56 -1541.95 1e+21
527882 481676 542978 -6681 -6499.99 467.42 1e+21
432877 432612 459940 16433.7 -6980.07 -2918.51 1e+21
573537 238033 215245 -830.285 2941.94 3004.1 1e+21
The object 1324 has merged
The object 1325 has merged
498166 508237 459791 17941.8 -3829.79 -9315.56 1e+21
808494 382560 885799 25469.4 -23669 1206.95 9.99999e+20
304120 817074 99413.5 -14340.2 4827.29 -6859.2 1e+21
411753 892306 755674 1736.45 11344.4 -8649.29 1e+21
268942 269131 855090 16879.7 -3330.31 -14792.2 1e+21
The object 1331 has merged
656138 900381 484352 2414.59 4289.91 28005.5 1e+21
823485 995410 497235 -4435.94 -45896.5 -23687.8 1e+21
110478 227247 958680 18845 -9012.78 -6873.51 2e+21
443948 598498 634144 12635.5 -1348.32 512.278 9.99999e+20
448956 124135 531243 13393.4 -5420.49 -4945.46 9.99999e+20
The object 1337 has merged
312145 683039 389460 -25283.5 -5395.17 -26194.5 9.99999e+20
439863 631002 537037 2543.4 -6308.98 -4455.49 1e+21
461793 511809 550029 -2456.54 18283 13587.4 1e+21
582272 446804 530423 -168.779 -12819 -2868.12 1e+21
The object 1342 has merged
704268 455347 492390 -4514.99 1733.14 845.299 1e+21
349197 637772 657004 9650 -2939.88 -1936.15 1e+21
668748 423540 754091 -18884.8 -3896.42 -39.3021 9.99999e+20
365876 639717 821207 -209.842 -31583.6 13454.5 1e+21
The object 1347 has merged
433722 538355 534026 17714.1 -11643.9 -14153.3 9.99999e+20
512143 633119 522726 1831.73 -1749.32 7294.77 1e+21
428438 475057 483520 -11655.2 -3635.49 -16287.2 1e+21
The object 1351 has merged
675434 393600 403880 -7051.59 5860.2 7690.5 2e+21
541862 567592 500530 -15880.8 3033.64 -2404.12 1e+21
400067 541823 452891 1365.55 -8403.07 -22706.6 9.99999e+20
453396 486468 521185 9357.07 1835.33 5708 1e+21
The object 1356 has merged
The object 1357 has merged
735417 47223.4 276445 4036.14 7456.68 15986.7 1e+21
653302 211178 871629 11838.9 -1938.53 -2681.99 1e+21
The object 1360 has merged
548336 524729 489466 -6267.5 2997.03 11577.8 1e+21
The object 1362 has merged
881492 125338 733098 1963.98 -747.515 3796.39 1e+21
573196 513385 505843 -3102.29 15149.5 5804.7 9.99999e+20
808904 651721 330994 -19024.4 -1773.74 2941.69 1e+21
The object 1366 has merged
79262.9 713273 274168 -219.001 -2246.04 -1899.91 1e+21
437134 135430 626443 -2503.96 -4121.42 -19804.9 1e+21
490405 455840 483255 -11675.6 1688.8 -20849.2 1e+21
64410.4 652350 272769 -1501.3 26724.2 -4772.45 1e+21
518021 472352 440720 -5956.53 -12235.5 -1670.24 9.99999e+20
834646 237465 35952.6 941.183 -5554.74 -1071.09 1e+21
545165 821197 674875 21813.9 -18369.6 1531.96 1e+21
425314 557602 581766 -5052.01 6258.18 1079.62 9.99999e+20
The object 1375 has merged
683130 376771 233010 -3452.04 372.538 6255.01 1e+21
691735 530624 567808 -8376.27 -1332.9 1432.63 9.99999e+20
498738 380124 565365 16410.4 6258.99 -5085.29 1e+21
524377 444447 584003 -7015.6 16628.2 -1529.29 1e+21
549796 535247 537791 -2390.18 -1906.15 -5353.14 9.99999e+20
477054 517116 321801 -6304.29 3748.41 4758.57 1e+21
742411 205218 599769 -1110.81 4265.74 -1702.09 1e+21
963762 214727 444292 -434.331 -6552.28 -781.154 9.99999e+20
451211 503325 503728 -22606.4 5850.07 -11709 9.99999e+20
377021 96296.7 234965 -734.253 -1588 -27509.6 1e+21
61297.7 191712 451575 13449.4 -40583.7 305.688 9.99999e+20
368723 750752 157126 3404.71 -9892.34 -4840.37 1e+21
The object 1388 has merged
The object 1389 has merged
531097 471943 2589.37 -14345.2 -15478.4 12960.2 1e+21
The object 1391 has merged
The object 1392 has merged
The object 1393 has merged
261206 455225 556647 2416.01 4584.05 -27165.2 9.99999e+20
The object 1395 has merged
The object 1396 has merged
376885 990494 733700 1231.28 -861.587 1467.14 9.99999e+20
920454 829964 374883 7032.58 -12228.8 -1905.85 1e+21
547493 380895 531916 -1405.37 -3450.12 -1994.72 1e+21
734456 201108 39426.8 528.833 -1502.53 5991.78 1e+21
823229 201786 841595 3481.01 -8964.05 -15537.9 1e+21
528692 423688 27587.5 -5291.39 4875.77 455.244 1e+21
331771 690033 547789 2590.41 -1282.89 -1859.57 9.99999e+20
725499 98864.5 184268 504.449 6.84596 13224.9 9.99999e+20
127099 600192 728141 2322.32 5467.77 6525.61 1e+21
367856 357013 517811 17072.2 -25866 6222.81 9.99999e+20
544421 602232 977320 -12154.5 29641.1 -17638.9 9.99999e+20
The object 1408 has merged
The object 1409 has merged
The object 1410 has merged
757708 728440 67356.6 -3992.14 -14488.6 -23385.3 1e+21
510500 621292 428892 -8418.18 -10747.4 -3482.94 1e+21
468962 424334 536744 14025.3 1813.12 4911.41 9.99999e+20
The object 1414 has merged
362972 660121 407668 265.062 -1700.7 9510.01 1e+21
460489 539263 495973 26415.7 9299.45 10565.2 1e+21
The object 1417 has merged
520372 86848.4 756474 15313.2 1306.59 2642.75 1e+21
The object 1419 has merged
540777 356871 468022 -3415.31 -2414.78 1992.5 9.99999e+20
The object 1421 has merged
The object 1422 has merged
505193 352602 508609 -1945.56 -3506.05 3598.97 1e+21
The object 1424 has merged
The object 1425 has merged
The object 1426 has merged
653996 634514 395647 7051.46 2719.46 -3158.6 9.99999e+20
638080 435941 594335 2646.3 3334.75 131.6 1e+21
The object 1429 has merged
486988 511433 483673 7372.16 13757.1 -8033.32 1e+21
812519 260659 491446 -2973.58 2690.24 816.742 9.99997e+20
The object 1432 has merged
550135 189789 171053 -3928.99 -15663.1 -823.514 1e+21
505455 335642 465646 2438 3311.12 774.375 1e+21
447583 440788 493756 -4034.12 7149.07 -6296.4 9.99999e+20
The object 1436 has merged
495524 512794 452542 6449.05 -15732.2 3693.11 1e+21
155563 724094 595340 -4349.91 -17370.8 -18049.1 1e+21
168882 792133 127796 -2182.58 -6187.07 2520.11 1e+21
663327 343637 503913 7624.19 13103.3 12811.8 1e+21
501624 519461 503517 2918.25 9795 -10497.6 1e+21
623499 629515 547404 4529.44 10775.8 5361.05 1e+21
282046 545034 566114 6891.68 3411.52 -9014.42 1e+21
The object 1444 has merged
386844 571947 583797 8772.58 -8914.03 -3979.74 1e+21
The object 1446 has merged
487726 438210 389791 4622.69 -7684.62 -5652.45 1e+21
The object 1448 has merged
355628 501311 125790 -2849.67 -1410.04 245.673 1e+21
613206 824890 502480 -335.584 -45672.5 2033.67 1e+21
The object 1451 has merged
The object 1452 has merged
The object 1453 has merged
216447 449156 322854 6769.06 75.8275 4519.54 9.99999e+20
380541 157729 186687 5767.83 1880.74 -2243.02 9.99999e+20
The object 1456 has merged
984840 57281.6 11251.2 10280.3 -8996.47 10317.6 2e+21
484208 537983 485228 -8345.14 -16976.5 9494.97 9.99999e+20
The object 1459 has merged
711192 758943 740469 1688.7 -14834.4 374.049 9.99999e+20
403156 438984 515548 -5074.88 10377.8 6833 1e+21
679202 896412 503216 -5768.37 -5053.76 6177.5 9.99999e+20
The object 1463 has merged
470435 551334 510495 17160 5587.46 11647.6 1e+21
175218 809117 852065 327.286 462.804 403.53 1e+21
524509 609236 472920 -9213.55 -11270.1 1579.31 9.99998e+20
618493 496724 399614 2994.27 -2488.08 -2600.66 1e+21
473534 258919 510138 -16156 -21387.4 3133.82 9.99999e+20
976354 157970 550987 2560.08 -108.572 883.128 1e+21
332129 484263 438068 -3135.41 -9417.35 14305.8 9.99999e+20
The object 1471 has merged
The object 1472 has merged
82056.2 808586 824255 -19198.1 12159.2 -23864.3 2e+21
The object 1474 has merged
643641 129688 228649 859.755 4024.46 -1554.3 1e+21
The object 1476 has merged
The object 1477 has merged
520540 488017 496741 9381.9 307.642 -6180.13 1e+21
The object 1479 has merged
The object 1480 has merged
The object 1481 has merged
486426 475441 51749 2678.68 20534.2 8661.61 1e+21
The object 1483 has merged
851432 856430 833159 8097.53 -446.513 4728.71 1e+21
The object 1485 has merged
623348 267797 200626 -19904.1 19533.8 15834.2 1e+21
555022 322914 418052 1703.14 -4997.85 562.405 1e+21
The object 1488 has merged
385424 552125 383237 -816.354 -3937.4 -2965.71 1e+21
329111 573665 456025 -6734.28 16045.2 534.581 1e+21
470232 431639 541781 -13205.2 -12123 1714.75 1e+21
The object 1492 has merged
364585 709285 370789 -23727.3 -6074.1 825.063 9.99999e+20
856751 103533 95471.6 -11371 9499.8 11505.3 9.99999e+20
The object 1495 has merged
961498 331318 549205 -357.515 110.612 -1142.03 9.99999e+20
653207 754499 702528 33927.1 26746.7 26267.8 2e+21
The object 1498 has merged
545117 762604 161259 -4434.99 21405.1 -232850 1e+21
317642 620003 407956 -4347.71 10640.1 -5919.84 1e+21
470471 573466 574487 6476.01 9347.78 10783 1e+21
74692.2 680830 424797 -4448.3 752.895 -8259.26 1e+21
The object 1503 has merged
753048 901962 713829 -1145.06 1643.06 -1365.51 1e+21
636403 811320 521648 -1955.09 8952.25 -27099 1e+21
75091.4 163516 908135 -5535.92 -2497.36 1214.24 1e+21
162989 562916 140429 -3446.15 22338.6 13471.5 9.99999e+20
347959 101939 370764 671.628 3642.42 57.981 9.99999e+20
934466 779776 386918 4359.71 4626.11 -25026.7 1e+21
299895 960059 854647 15268.5 -8846.61 -11929 1e+21
510520 139676 934850 10558.5 10901.7 10162.7 1e+21
525036 480797 527673 16477.2 18483.1 -11256.8 9.99998e+20
69550 884057 285138 -3981.04 286.38 383.924 1e+21
The object 1514 has merged
535770 404744 445865 -8100.13 9968.81 10265 1e+21
864620 782164 663499 -13193.1 -14263.5 26361.5 1e+21
The object 1517 has merged
The object 1518 has merged
573454 306346 730433 14485.6 76.4695 19806.8 1e+21
The object 1520 has merged
441721 574475 507616 -18862 4992.48 18928 9.99999e+20
491389 602529 471818 5354.43 7807.34 -5341.04 1e+21
436080 539442 505611 -21893.7 -8766.82 -1768.11 1e+21
The object 1524 has merged
158587 750522 291621 -845.941 28118.5 -499.544 1e+21
331892 153328 164130 -2989.42 -5589.38 -7761.85 9.99999e+20
The object 1527 has merged
337226 788971 730828 3742.24 978.902 -5556.25 1e+21
404328 616204 511205 -1057.08 5452.62 -1358.51 1e+21
716709 662912 9986.38 -9368.57 -14419.2 33311.8 1e+21
106261 331486 537783 618.729 -24855.1 -1352.02 9.99999e+20
721138 54805.3 96608.2 -3486.08 -13511.9 9396.23 1e+21
375714 461702 504741 -18782.3 -726.762 -2327.84 1e+21
84075.7 526394 616236 -2962.12 -1775.83 28811 1e+21
The object 1535 has merged
441134 530568 401501 5646.36 -3883.1 9013.35 1e+21
595639 625604 457407 -6921.16 1340.39 -3709.01 1e+21
The object 1538 has merged
909838 470113 308831 -31534.4 22165.1 -27214.2 2e+21
859105 149879 454513 4831.23 -4695.07 -25845.7 1e+21
231870 332364 906180 16279.3 15798.8 -12175.4 9.99999e+20
The object 1542 has merged
446335 489237 492385 -11965.6 3624.06 -17140.6 1e+21
The object 1544 has merged
240071 851987 876415 -3368.88 -35602.2 -12136.3 1e+21
925831 583417 235544 833.914 3147.65 -9517.02 9.99999e+20
The object 1547 has merged
314397 376798 588178 167.276 651.113 1006.45 1e+21
971720 688417 929889 7193.63 -14941.7 -8808.09 1e+21
908608 785183 638053 -6098.22 -82794.1 -1770.41 1e+21
480579 509758 526938 11580.9 9225.18 -5874.45 9.99998e+20
The object 1552 has merged
609452 349883 487044 -4230.57 -23.4709 2628.38 1e+21
554138 313775 586674 -4885.53 8187.66 -1596.82 9.99999e+20
504698 562887 374999 7904.41 -1573.39 7752.57 1e+21
The object 1556 has merged
416828 526705 488916 -25882.4 6862.58 -2523.15 1e+21
The object 1558 has merged
The object 1559 has merged
The object 1560 has merged
22741.5 722673 855516 -7738.69 -17400.2 -14022.6 1e+21
206364 471915 843514 5708.22 7659.52 1347.93 1e+21
30638 958648 49860.4 -7235.41 -7263.16 -6613.91 1e+21
The object 1564 has merged
263608 726942 48810.2 -27415.1 1230.87 9824.33 9.99999e+20
531516 553346 559570 -239.263 -5018.95 -1673.84 1e+21
355931 116521 348138 145.529 2613.33 -642.524 1e+21
378777 528750 488593 10598 -9479.6 14079.1 1e+21
431049 539898 544568 -11457.1 19265.8 9478.27 9.99999e+20
421818 644772 423022 6879.29 23555.2 12744.9 1e+21
The object 1571 has merged
588275 598914 635877 -7084.41 -6834.83 -1559.39 9.99999e+20
612555 527598 416526 -105.015 -3190.95 1735.43 1e+21
815236 101587 38192.5 972.492 -5401.43 18399.6 1e+21
The object 1575 has merged
24253 362239 97064.7 -5958.71 -5879.45 -1701.66 1e+21
The object 1577 has merged
The object 1578 has merged
637029 176982 599709 2048.15 13205.2 -1866.15 1e+21
607212 625084 495150 -13231.9 -9701.07 268.545 1e+21
The object 1581 has merged
71947.1 122844 996585 -5536.21 20003.7 33304.2 9.99999e+20
522389 429107 488480 -6304.17 -5948.25 -4463.42 1e+21
772051 446346 425663 -7645.63 2476.7 3791.97 1e+21
336141 359294 855760 -4414.6 24033.9 -20317 1e+21
367769 574984 2567.69 -6023.2 -25.9299 -6499.97 1e+21
The object 1587 has merged
The object 1588 has merged
465872 524850 442635 -4742.06 -4869.15 -8984.81 2e+21
The object 1590 has merged
412366 395850 432953 -11081.2 -6854.11 -4876.93 1e+21
The object 1592 has merged
The object 1593 has merged
388144 211390 9472.09 639.202 2447.86 3456.58 9.99999e+20
548973 475440 578870 13083.1 -976.467 14702.4 1e+21
323792 590094 427687 -9.90562 41.7872 -1926.86 1e+21
The object 1597 has merged
420553 435016 433009 16072.9 8486.59 -3891.86 9.99999e+20
The object 1599 has merged
412168 479857 526638 -6671.13 -7492.98 -5208.72 9.99998e+20
The object 1601 has merged
544618 581868 452233 3562.8 2789.54 -3804.34 1e+21
620017 235048 370292 -4205.8 3335.69 -873.382 1e+21
659367 171526 604592 906.017 1797.35 23762.9 1e+21
497577 426541 410612 -8700.2 -7924.79 4459.56 9.99999e+20
The object 1606 has merged
The object 1607 has merged
229245 351381 3176.81 -3232.68 -438.94 -212.04 1e+21
873574 801139 458378 -16060.7 -23894.4 6340.75 1e+21
35023.9 28139.3 233181 -5586.3 -1804.21 -880.892 9.99999e+20
210910 793110 977795 -2103.51 1853.94 -5374.7 1e+21
499695 518242 516456 -1379.53 -7468.33 7496.75 1e+21
31927.5 792307 982129 10197 -12541.5 -6844.28 1e+21
461066 532108 543851 22382.6 10482.2 -7618.18 1e+21
The object 1615 has merged
The object 1616 has merged
The object 1617 has merged
429842 481627 472984 7937.4 -6603.61 3460.14 1e+21
The object 1619 has merged
345758 361177 449662 6563.53 565.211 -5791.8 9.99999e+20
552994 425934 493384 -13602.1 8758.12 -2538.32 1e+21
414983 586348 402045 -2014.29 1046.55 9195.57 9.99999e+20
The object 1623 has merged
410072 469578 512595 -16576.4 -295.406 -2146.37 1e+21
The object 1625 has merged
The object 1626 has merged
360431 433046 451727 -25511.3 12258.6 7128.74 9.99998e+20
189847 616186 277455 -928.558 2888.38 -2184.74 1e+21
The object 1629 has merged
475092 543440 483061 23738.4 -15109.1 -2265.87 9.99999e+20
316947 286028 984770 421.992 -1879.9 -3620.87 1e+21
544248 622115 449303 -14994.2 -10911.2 3793.7 1e+21
532957 805958 532881 -535.351 -6538.9 -4500.18 9.99999e+20
The object 1634 has merged
509071 507148 390118 -7382.37 -8047.46 996.459 1e+21
542095 683062 465658 -5211.33 -1014.07 1510.08 9.99999e+20
476160 519642 435503 -18072.9 -1385.51 4966.6 1e+21
The object 1638 has merged
531366 572760 410178 -8860.46 -4977.4 -1070.6 1e+21
268683 685291 440354 -14156.5 11395.3 -1101.02 9.99998e+20
392031 500078 452002 9263.51 8990.87 1000.95 1e+21
The object 1642 has merged
496337 912877 803592 2923.14 -9578.46 633.63 1e+21
610217 448644 596268 1467.34 -3268.09 -9599.83 1e+21
The object 1645 has merged
The object 1646 has merged
The object 1647 has merged
The object 1648 has merged
The object 1649 has merged
412318 324221 475056 -2018.07 -6649.36 5302.39 9.99999e+20
959164 257580 155218 -500.148 -5606.2 -1664.56 1e+21
126884 883276 622676 210.293 4741.31 -18359.1 9.99999e+20
405339 563678 604423 -6007.58 -2324.92 1199.45 1e+21
454177 443658 470102 1667.48 -2755.48 -16458.3 9.99999e+20
420101 593010 975588 2591.28 -2356.98 17456.1 1e+21
270041 892286 101965 2770.62 28198.4 -29258.6 1e+21
The object 1657 has merged
373585 559279 431899 18543 6638.21 -5180.09 1e+21
549768 779294 214802 -4296.38 1148.9 4182.4 9.99999e+20
531906 943296 276318 1847.85 3612.69 -11317.6 9.99999e+20
856565 51327.1 805392 -12712.9 -5812.82 4925.11 1e+21
The object 1662 has merged
484579 484166 571535 4099.82 -12043.5 7610.9 1e+21
465402 517564 530292 -12194.4 -16653.6 -5749.64 1e+21
The object 1665 has merged
164353 656676 525533 -1071.85 8258.03 1604.3 1e+21
442948 497337 475637 -10026.2 32011.1 -769.022 1e+21
229574 733282 54018 7837.1 -4835.37 15096.8 9.99999e+20
454443 503177 482471 -1637.55 5339.58 -16329.1 1e+21
486252 554304 435585 -1898.9 352.064 10493.5 9.99998e+20
382566 487779 572739 -3781.11 5549.5 1933.03 1e+21
484412 528682 411487 -8578.41 -3166.67 7519.99 1e+21
The object 1673 has merged
422898 177747 222422 2389.34 3713.86 -193.913 9.99999e+20
The object 1675 has merged
165114 828473 733461 -1132.03 4529.53 -4677.81 9.99999e+20
558912 539892 476361 9132.96 9614.36 -3552.38 1e+21
149178 681200 590747 -4727.85 -20575.5 -22298.3 1e+21
143108 586308 521352 3152.74 -999.227 -2048.24 9.99999e+20
302944 565167 473903 -1149.32 6376.21 -9386.92 1e+21
106727 515978 189005 10308.7 3210.96 -332.538 9.99999e+20
509308 236922 461120 6623.19 -8420.73 6532.46 9.99999e+20
The object 1683 has merged
475454 581879 543120 -5489.34 -8602.41 -12694 1e+21
The object 1685 has merged
The object 1686 has merged
The object 1687 has merged
983930 511299 969255 3335.51 -14016.4 7343.89 1e+21
852139 358233 787837 1121.12 228.141 2500.51 1e+21
598893 495700 487075 -19732.3 -1338.94 -7220.42 1e+21
629627 454227 621086 -11975.2 -3472.69 -9672.99 1e+21
695358 228000 278399 -17910.4 15556.1 16981.9 1e+21
223917 693475 547948 4985.35 -980.261 -7400.83 1e+21
550985 499187 491241 5641.22 7884.26 2991.76 1e+21
The object 1695 has merged
137189 320732 935733 -2976.24 16391.3 8413 1e+21
382619 619954 329137 -257.691 1530.17 -4065.41 1e+21
341317 379289 566939 6205.33 7751.03 -9979.88 1e+21
The object 1699 has merged
210205 700934 674583 5945.9 -1091.21 -1059.44 1e+21
The object 1701 has merged
413007 698192 281779 1875.57 15401.9 -4623.12 1e+21
674334 354975 361628 5687.12 -2189.72 -4702.17 1e+21
209559 535443 285329 2675.08 1985.34 -26868.8 1e+21
37213 945435 964498 -7493.06 7098.28 1964.18 9.99998e+20
301803 848789 598903 -1851.19 -14574.9 -19595 1e+21
24949.1 242763 238243 4976.5 -2696.09 -6766.9 1e+21
248007 238828 158587 -3368.22 14725.8 -5153.03 9.99999e+20
628418 741127 525799 -1152.53 8509.53 -7456.19 9.99999e+20
559050 485014 483294 47.8672 -2129.5 -4201.9 9.99998e+20
The object 1711 has merged
493370 714883 539551 142.031 -7469.42 -2996.94 1e+21
340723 766074 973332 24951.8 6557.81 -13593.5 1e+21
446830 539783 446085 -825.984 -634.603 7880.78 1e+21
612574 358578 105117 -2418.79 2759.55 14581.2 9.99999e+20
794843 485504 979697 2879.12 3039.35 13313.6 1e+21
639818 318178 728234 262.601 -12615 -1811.68 9.99999e+20
457549 486828 529863 12131 -10576.7 -4881.92 1e+21
467962 530382 410502 2647.2 -1364.58 1541.85 1e+21
626471 449720 495110 16693.7 -858.747 -1652.48 1e+21
387128 360839 422973 -14150.7 11211 -7666.3 9.99999e+20
The object 1722 has merged
The object 1723 has merged
238295 707045 544838 -11170 -8013.65 4035.73 1e+21
293402 886690 19118.3 -6387.29 8740.2 -9632.8 9.99998e+20
476684 471954 508781 4121.63 -698.84 11994.7 9.99999e+20
The object 1727 has merged
The object 1728 has merged
890512 491230 719820 -1374.8 -2349.19 255.24 1e+21
440387 560945 414293 6852.44 -11089.7 8212.76 1e+21
497053 375037 968630 25995.2 -1686.43 -10307.1 1e+21
117525 712313 270736 -3682.87 1619.19 16803.3 1e+21
494191 537755 443102 -7950.87 1260.93 -19907.8 1e+21
283254 689833 906943 -13635.1 39321.5 5880.58 1e+21
511933 594147 515875 14900.4 10045.5 13481.8 1e+21
390602 415982 500384 -6222.26 -4339.13 9446.92 1e+21
The object 1737 has merged
The object 1738 has merged
449391 410238 590046 -5962.84 -2109.24 990.593 9.99999e+20
426509 589321 415749 570.731 -2407.43 6834.49 1e+21
62161.4 993623 837327 -5559.27 -5882.02 1783.71 1e+21
98558.5 558471 369869 3152.76 -3347.88 1166.43 1e+21
453587 547950 500011 28087.5 -1257.03 -2949.27 9.99999e+20
The object 1744 has merged
351248 403994 386541 4323.62 2226.13 -8699.85 1e+21
623349 592308 413697 -4658.06 -1327.73 2716.23 1e+21
The object 1747 has merged
The object 1748 has merged
678044 888340 243415 10806.5 -9044.13 13453.2 1e+21
449556 589953 453694 -9547.99 148.958 21754 1e+21
714438 734684 988569 2467.79 -20529.5 4806.2 1e+21
499961 384710 413268 -4717.9 6586.38 1415.13 1e+21
601829 483721 590613 -13105.6 -276.462 -6908.2 1e+21
The object 1754 has merged
The object 1755 has merged
The object 1756 has merged
404331 664072 299570 -5484.57 6756.96 -12389.9 9.99998e+20
The object 1758 has merged
425819 508469 479846 13676.5 -3165.31 2174.72 1e+21
The object 1760 has merged
443376 467388 423004 -24758.9 13571 -4773.25 2e+21
546992 757784 680842 4066.16 -2617.92 -7176.73 1e+21
454590 489899 572600 1999.65 6211.38 4918.76 1e+21
627308 475999 478754 7920.26 4465.78 -11015.2 1e+21
The object 1765 has merged
57930.9 135934 986329 -4125.33 -4756.6 4120.36 1e+21
356636 598772 461290 127.814 2935.42 -1129.33 1e+21
The object 1768 has merged
525085 479911 556393 -774.722 -3453.24 -9652.12 9.99998e+20
463408 511476 460840 11064.3 268.156 -15960.6 1e+21
548594 411236 413829 6716.34 -12081.1 -6804.33 1e+21
388665 456159 806688 -15982.2 16921.2 2706.77 9.99998e+20
61495 887084 409066 -5962.58 -11857.8 19229.6 9.99999e+20
The object 1774 has merged
386147 551982 566719 9203.57 -2506.91 -1353.22 1e+21
502731 543039 408241 -15396.8 7390.85 -10975.9 1e+21
563877 444163 504680 3358.97 6467.74 -1752.89 1e+21
The object 1778 has merged
404442 64340.5 989394 -2104.69 -2965.4 2814.36 9.99998e+20
957366 76100.5 920140 5817.67 -3307.9 5249.13 9.99999e+20
485941 568214 435694 4135.37 7120.12 374.087 1e+21
322444 562024 611210 -9229.25 -244.865 7795.9 1e+21
400418 641481 481852 -3758.73 10930.5 2524.18 1e+21
The object 1784 has merged
479742 493290 529429 -9267.26 -4790.61 14469.5 1e+21
586212 749205 623888 -3511.91 -3196.9 -4577.07 9.99999e+20
The object 1787 has merged
808109 748085 684397 -2734.66 4221.83 -3614.14 1e+21
The object 1789 has merged
The object 1790 has merged
The object 1791 has merged
589742 443017 518568 -5093.9 10216.8 -2112.19 9.99999e+20
919715 119476 98908.8 5885.58 -601.402 -3825.9 1e+21
The object 1794 has merged
967398 852924 208927 3610.6 2903.68 -1143.8 1e+21
746052 884735 876678 1635.08 -11460.5 1493.11 1e+21
875159 459723 241747 -21275.6 -1800.15 3381.56 1e+21
The object 1798 has merged
The object 1799 has merged
40909.7 110448 255943 -5199.4 8574.53 -3041.61 1e+21
460971 514800 868934 -7920.17 9279.63 8945.17 9.99999e+20
342940 494947 115967 510.082 -22538 -3646.81 1e+21
245092 800182 547557 -35257.1 -12027.7 -36957.9 2e+21
484774 538713 495745 -2006.49 7246.1 -7566.85 1e+21
The object 1805 has merged
580898 451466 616669 -12899.5 -3550.59 3952.59 9.99998e+20
469431 487964 456169 11953.2 -12697.2 2463 1e+21
The object 1808 has merged
776443 485726 112779 66.8222 808.45 1863.5 1e+21
The object 1810 has merged
390122 403328 388400 -6247.36 3180.97 -4336.94 1e+21
The object 1812 has merged
727844 223840 802346 4254.47 -1429.15 -7907.02 1e+21
The object 1814 has merged
The object 1815 has merged
The object 1816 has merged
154182 560379 922688 -4059.37 -22378.5 3963.64 1e+21
474005 561390 567662 -5153.05 -12462 -10957.5 9.99999e+20
641477 249578 690735 -1123.4 2343.98 -3724.57 1e+21
183386 693771 828784 29.9187 -121.943 -1803.13 9.99999e+20
46869.6 838000 751893 10679.2 2667.94 12608.2 1e+21
627578 588793 229957 -12098 8343.67 -964.803 1e+21
534868 487747 471126 2954.67 -2332.76 7911.55 1e+21
915922 258711 978748 7283.11 19296.1 -9843.17 1e+21
The object 1825 has merged
359188 473521 489294 -11314.2 7540.75 2797.18 9.99999e+20
The object 1827 has merged
341903 321525 480068 4756.77 -1159.7 -152.48 1e+21
303655 624022 514154 10593.4 -9299.51 388.433 9.99999e+20
477509 440303 503682 13753.9 -6223.58 5962.05 1e+21
The object 1831 has merged
The object 1832 has merged
The object 1833 has merged
164371 713784 826937 534.569 -814.263 879.257 9.99998e+20
764803 7523.33 859819 2258.24 4138.66 461.961 9.99999e+20
548865 607559 464571 -8426.11 678.798 -866.895 1e+21
The object 1837 has merged
540804 385808 443864 -3661.4 9950.37 -1551.7 1e+21
The object 1839 has merged
448832 583798 530560 -2060.85 3328.3 -2909.53 9.99998e+20
The object 1841 has merged
481456 503249 544525 -1788.81 -5060.93 3603.72 1e+21
804336 709471 377837 -12978.2 247.246 483.985 1e+21
726028 88718.2 192122 1778.09 -2692.33 12379.4 1e+21
315432 254794 806558 -28722.6 -638.496 373.303 1e+21
The object 1846 has merged
The object 1847 has merged
297982 594111 562899 -11575.1 -3055.07 3457.84 1e+21
883238 753716 221954 7887.21 -9685.09 15365.5 9.99999e+20
188570 484054 598199 1800.37 -1010.51 -5858.71 1e+21
560653 222771 368868 3742.03 308.138 1593.03 1e+21
603046 31036.8 63226.3 10324.7 3860.9 39668.2 1e+21
804364 195690 492922 17058.5 108.583 -50374.4 1e+21
The object 1854 has merged
477384 473280 339208 -2663.44 -901.072 -3758.56 1e+21
446578 323961 472062 15963.6 80356 5369.87 9.99999e+20
607789 735957 657643 8685.49 5796.7 -16096.2 1e+21
The object 1858 has merged
339519 162255 661217 3260.85 -27016.3 -4734.97 1e+21
554398 467144 358408 12966.4 3337.02 36362.3 1e+21
541527 537131 420976 -11665.8 6136.67 -9234.02 1e+21
431180 357986 123065 -4940.62 -4643.69 914.103 9.99999e+20
The object 1863 has merged
774232 956628 70959.1 -355.012 -11423.2 12478.2 1e+21
783500 854450 499536 3654.24 -13785.6 -21148.4 1e+21
727791 833679 343797 7220.34 -2098.78 -2645.95 9.99999e+20
703077 461221 630531 14081.4 13474.7 3605.01 9.99999e+20
507080 570670 498214 4442.05 -6527.75 453.007 1e+21
455133 501755 452795 8398.36 2883.48 -5430.87 1e+21
The object 1870 has merged
The object 1871 has merged
180979 683811 764155 -7666.02 -4753.59 4131 1e+21
551308 228622 337597 -6140.63 9915.4 16180.6 1e+21
479942 899043 789896 -1421.09 -965.609 2803.11 1e+21
341486 383364 567490 407.071 -4232.84 -5264.14 9.99999e+20
424778 511212 484021 -1883.49 32924.7 3878.02 9.99999e+20
388329 750317 406549 6785.68 -5270.78 6525.96 1e+21
The object 1878 has merged
465695 497959 351812 -835.546 2721 3078.62 1e+21
The object 1880 has merged
The object 1881 has merged
429538 604846 466540 2379.96 -21128.1 -3777.63 1e+21
The object 1883 has merged
The object 1884 has merged
439515 434001 469933 71.5044 -59.5701 5293.17 1e+21
668844 537250 60049 944.438 20458.1 -1757.8 1e+21
703403 776738 848220 8202.58 1211.39 -2245.79 9.99999e+20
688064 574175 998306 -2966.57 -2659.77 11432.1 9.99999e+20
The object 1889 has merged
The object 1890 has merged
421207 235477 466333 -5562.92 3832.62 -5450.48 1e+21
19104.2 364401 901595 3657.6 32015.3 6258.33 9.99999e+20
The object 1893 has merged
The object 1894 has merged
366261 519440 518643 752.729 -10750.4 -5473.82 1e+21
657153 681177 459094 -4426.3 -75.9269 -11441.7 9.99999e+20
661713 867061 476839 13703 6375.82 4780.46 9.99999e+20
431100 547004 466795 12997.4 -2550.09 1962.33 9.99998e+20
503075 498911 413178 -6843.42 2634.95 12288.7 1e+21
680480 982843 639708 -9737.3 -7504.72 7061.16 1e+21
480375 543373 519502 259.645 5014.12 -19352.5 1e+21
395091 437485 504745 3920.9 15541 -10197 1e+21
32603.9 185382 849080 -5660.25 10544.4 -11917.5 1e+21
The object 1904 has merged
365314 553877 490821 -2078.06 4623.51 938.574 9.99999e+20
The object 1906 has merged
446838 593402 326831 -18331 -229.973 -14289.5 1e+21
746985 390707 426473 -8101.59 4565.75 -471.637 9.99999e+20
The object 1909 has merged
523287 468426 486206 -6221.13 -5616.9 24668.4 1e+21
576689 492427 334804 7168.75 1930.46 1004.51 1e+21
The object 1912 has merged
417734 229599 991876 -1049.87 14020.6 -4522.96 1e+21
146270 473612 107259 113.259 2921.13 420.318 9.99999e+20
The object 1915 has merged
The object 1916 has merged
208832 448534 949607 -544.795 -23158.1 4458.6 9.99999e+20
The object 1918 has merged
The object 1919 has merged
501481 889286 738840 -414.128 3229.97 -15304.1 9.99999e+20
39226.8 28624.3 240294 -3264.57 -5377.95 -4751.3 9.99999e+20
439847 497718 484326 -6881.7 -5354.5 -9007.15 1e+21
543402 375659 408234 -4582.54 4637.94 5451.89 1e+21
576551 556163 404372 -17670.4 -3810.66 -6364.28 1e+21
The object 1925 has merged
553083 611201 528150 11038.1 10019.8 7980.01 9.99998e+20
593140 409872 363394 -3899.33 -386.755 6500.37 1e+21
337159 343712 521596 -4474.51 -3585.34 -4431.02 1e+21
76887.8 71468.5 699861 -1870.97 -3635.44 1454.25 1e+21
485575 441953 503141 -5254.72 4976.09 -3498.05 1e+21
The object 1931 has merged
948913 458777 777356 6234.17 -24086 -15704.8 1e+21
The object 1933 has merged
The object 1934 has merged
434410 412517 384383 -42.3727 10521.5 2870.54 1e+21
310177 560631 425556 -6004.68 -5643.17 -2719.39 1e+21
The object 1937 has merged
The object 1938 has merged
481540 518006 491150 -2621.2 -2120.45 -11695.5 1e+21
187439 872601 763386 -8669.99 -11237.6 -7382.57 1e+21
492867 491561 473789 -4171.58 5677.69 19462.3 1e+21
412964 950510 848665 18045.9 -8288.14 3570.45 9.99999e+20
473614 520103 541836 -13633.9 840.602 -2204.1 1e+21
519343 461574 543439 10827.2 -2881.34 5917.69 9.99999e+20
461069 539519 488777 8525.89 -2551.04 -11137.7 9.99999e+20
The object 1946 has merged
The object 1947 has merged
The object 1948 has merged
484072 498586 518665 5862.97 -1609.97 -9885.84 9.99999e+20
980375 373251 986349 -8702.96 17547.3 6652.42 9.99999e+20
282213 771841 969198 5490.05 9325.32 -10039.9 9.99999e+20
477700 504254 622027 -10247.9 6605.21 31391.2 1e+21
The object 1953 has merged
406360 453767 541397 9379.92 16609 -16050.4 1e+21
The object 1955 has merged
701043 138521 735946 -4215.38 -7032.72 615.353 1e+21
589492 790845 842397 -3274.6 9741.19 -8208.58 1e+21
The object 1958 has merged
The object 1959 has merged
628511 412369 407895 -6697.3 2465.02 7804.01 9.99999e+20
494680 595964 471333 2393.58 5567.19 -5691.64 1e+21
273382 795005 748035 1921.1 49.5919 -2201.01 9.99999e+20
754512 614417 821494 -2203.45 456.453 7699.12 9.99999e+20
481909 542718 434271 244.739 11307.2 -8139 9.99998e+20
64681.6 637835 8320.14 -3010.08 2743.6 -4143.16 9.99999e+20
The object 1966 has merged
478625 574717 520957 13682 -2667.49 -17629.6 1e+21
190001 218556 340079 218.694 -600.914 17522.9 1e+21
The object 1969 has merged
The object 1970 has merged
The object 1971 has merged
427403 501846 413836 9723.44 -3145.33 4420.92 1e+21
404998 620904 902218 -6593.85 -5084.19 1471.88 1e+21
731441 322321 72524.4 10390.7 4787.3 -11106.7 1e+21
The object 1975 has merged
The object 1976 has merged
The object 1977 has merged
460062 592225 517546 8700.09 -1225.7 -7956.64 9.99999e+20
The object 1979 has merged
The object 1980 has merged
The object 1981 has merged
416385 505925 468192 15181.9 -639.177 21453 1e+21
The object 1983 has merged
The object 1984 has merged
462306 535778 483391 -183.593 -431.261 -8247.64 1e+21
940128 860683 130743 8280 -17531 -3546.21 1e+21
The object 1987 has merged
499553 644255 459095 -8534.25 -8662.5 135.477 1e+21
The object 1989 has merged
452936 558397 523534 -15045.4 14166 15650.2 1e+21
163628 779923 342463 -1679.76 -14407.1 515.078 1e+21
The object 1992 has merged
The object 1993 has merged
The object 1994 has merged
911136 167436 297183 -11027.1 -5478.4 17395.9 1e+21
153471 704924 952168 -1481.3 1118.72 2011.64 9.99998e+20
345980 582298 576275 -16899 -3023.63 1017.83 1e+21
596257 461650 527074 2856.68 7498.42 2399.76 1e+21
475703 532284 516047 1296.99 -16767.9 4187.52 1e+21
