1000000.000 0.100 1000
133876.644 136407.036 451214.904 0.000 0.000 0.000 1000000875565960658944.000
74425.040 569847.149 635231.218 0.000 0.000 0.000 999999937746599673856.000
89453.194 556178.899 789651.970 0.000 0.000 0.000 999998583145531572224.000
249777.923 291864.661 803236.322 0.000 0.000 0.000 999999586031617966080.000
474593.806 269939.504 286041.815 0.000 0.000 0.000 1000001630278861193216.000
306186.677 321759.102 113174.081 0.000 0.000 0.000 999999725818528137216.000
119353.193 69118.952 694760.915 0.000 0.000 0.000 1000000594286765408256.000
392523.931 529937.310 398370.512 0.000 0.000 0.000 1000001166908847554560.000
190357.109 596990.750 888420.312 0.000 0.000 0.000 999999889143744561152.000
283264.881 885304.557 261774.813 0.000 0.000 0.000 999999604565892530176.000
520485.055 19521.302 506688.161 0.000 0.000 0.000 999999506548068974592.000
494311.282 550786.611 728838.372 0.000 0.000 0.000 1000000431796491517952.000
14025.675 449801.094 183249.453 0.000 0.000 0.000 999999855830366158848.000
576430.531 923869.193 24394.612 0.000 0.000 0.000 1000000220448245809152.000
764917.802 749209.202 763556.586 0.000 0.000 0.000 1000000264840825274368.000
485557.483 246052.652 961431.868 0.000 0.000 0.000 1000000035116252397568.000
660952.338 541208.574 597058.369 0.000 0.000 0.000 1000000682028364070912.000
720756.932 459556.146 636031.044 0.000 0.000 0.000 1000001780487144734720.000
774678.149 896903.262 673119.847 0.000 0.000 0.000 999998839432489467904.000
728696.248 780636.761 270850.950 0.000 0.000 0.000 999999981815441522688.000
140693.636 773214.131 473832.985 0.000 0.000 0.000 1000001403579101216768.000
879617.921 765078.261 43186.455 0.000 0.000 0.000 1000001074630358073344.000
866696.514 268361.033 954199.769 0.000 0.000 0.000 999999632252787359744.000
410242.234 717940.038 648345.692 0.000 0.000 0.000 999999818321709498368.000
590958.461 94248.947 101083.959 0.000 0.000 0.000 999998986481871618048.000
353561.566 496917.628 665150.911 0.000 0.000 0.000 1000000760010524327936.000
664375.648 307978.864 224498.224 0.000 0.000 0.000 1000000793046320676864.000
151784.235 786661.395 499095.007 0.000 0.000 0.000 1000000626648157519872.000
264326.712 504220.058 493222.045 0.000 0.000 0.000 999997686907807072256.000
226929.025 282705.652 410169.215 0.000 0.000 0.000 1000000250499638755328.000
124855.431 810179.791 856086.600 0.000 0.000 0.000 999999754011294957568.000
22599.993 882839.316 658220.713 0.000 0.000 0.000 1000001830193586896896.000
722961.157 369705.558 47658.681 0.000 0.000 0.000 1000000278681336414208.000
366027.468 394723.977 694348.316 0.000 0.000 0.000 1000002408930105491456.000
179662.572 464766.728 593498.760 0.000 0.000 0.000 999999964241595465728.000
482279.397 432138.230 296946.483 0.000 0.000 0.000 999999580052065091584.000
93585.331 327921.427 130597.381 0.000 0.000 0.000 999999545595901509632.000
528859.187 32212.288 941345.197 0.000 0.000 0.000 1000001081094036520960.000
210310.550 322900.058 528552.156 0.000 0.000 0.000 1000000745292824444928.000
515927.064 374645.397 272068.038 0.000 0.000 0.000 1000000137373628891136.000
443487.521 631913.207 485079.514 0.000 0.000 0.000 1000000730196845264896.000
580682.581 490018.829 209040.878 0.000 0.000 0.000 1000000248038101483520.000
210438.774 486545.113 874310.894 0.000 0.000 0.000 1000000422989434191872.000
452453.232 564665.224 213237.832 0.000 0.000 0.000 999999766681756631040.000
48086.668 710662.762 631441.852 0.000 0.000 0.000 999999614002001608704.000
59094.519 409933.141 752101.944 0.000 0.000 0.000 1000002388885943091200.000
105195.976 705242.534 84626.654 0.000 0.000 0.000 1000001161092016504832.000
891218.886 951367.933 20317.194 0.000 0.000 0.000 1000000312714911023104.000
606953.334 500507.633 423253.263 0.000 0.000 0.000 1000000806738967265280.000
514860.626 506893.087 465480.506 0.000 0.000 0.000 999999131968189628416.000
449523.196 142954.729 583982.602 0.000 0.000 0.000 1000001863752213463040.000
477012.870 531822.843 260833.390 0.000 0.000 0.000 999999169869550583808.000
905371.658 259980.936 684548.590 0.000 0.000 0.000 1000000225873485496320.000
955117.984 785335.876 702683.865 0.000 0.000 0.000 1000000702201855475712.000
379581.212 478939.006 381520.074 0.000 0.000 0.000 1000001217043157745664.000
989809.558 372751.940 766877.684 0.000 0.000 0.000 1000001455922808487936.000
146358.257 571216.705 233249.224 0.000 0.000 0.000 999998927167848841216.000
804749.022 725471.179 402966.822 0.000 0.000 0.000 1000001002126533066752.000
202680.959 140576.728 419603.927 0.000 0.000 0.000 999998656265058779136.000
340267.648 704524.010 16686.035 0.000 0.000 0.000 999999854278977257472.000
465336.373 432195.029 859601.101 0.000 0.000 0.000 1000001023525354995712.000
658226.202 61301.575 575702.028 0.000 0.000 0.000 999998374508875218944.000
807040.323 915060.611 945770.544 0.000 0.000 0.000 1000000142319117271040.000
407886.804 806362.001 361720.822 0.000 0.000 0.000 999999754659278749696.000
316655.248 639101.202 635300.701 0.000 0.000 0.000 999997154646279061504.000
894317.670 977659.327 399470.942 0.000 0.000 0.000 999999021291659460608.000
215861.340 818813.228 874429.874 0.000 0.000 0.000 1000000195192598429696.000
856952.244 98071.987 684264.028 0.000 0.000 0.000 999999773560788615168.000
251865.320 672717.656 112546.690 0.000 0.000 0.000 999999902207014731776.000
369036.345 915665.316 784603.145 0.000 0.000 0.000 999998573205850554368.000
243640.549 711599.686 59244.927 0.000 0.000 0.000 999999902258122850304.000
382278.718 245184.836 719913.349 0.000 0.000 0.000 1000002080252151070720.000
219580.658 696962.975 501180.682 0.000 0.000 0.000 999999359763572850688.000
932336.600 340430.473 847626.585 0.000 0.000 0.000 1000000603409553293312.000
984580.566 370889.347 643346.331 0.000 0.000 0.000 999999641270129524736.000
153822.126 479125.902 618217.582 0.000 0.000 0.000 1000000217570068922368.000
991478.330 804812.923 664747.651 0.000 0.000 0.000 999998691005952032768.000
893739.131 198109.055 992129.622 0.000 0.000 0.000 1000001962214805471232.000
768122.875 990380.783 728212.230 0.000 0.000 0.000 999998858458758119424.000
407586.072 951375.127 886067.736 0.000 0.000 0.000 999997437295235563520.000
355477.377 758313.776 745039.709 0.000 0.000 0.000 999999992949473804288.000
54596.551 891059.150 783072.531 0.000 0.000 0.000 999996511012348887040.000
530103.421 525024.234 396453.909 0.000 0.000 0.000 999999627383727194112.000
714821.559 428934.018 940759.609 0.000 0.000 0.000 999999123023157657600.000
261857.888 500957.548 989318.333 0.000 0.000 0.000 1000000677855068684288.000
979456.994 406286.424 690907.798 0.000 0.000 0.000 999998591224484593664.000
541023.305 765097.451 156685.251 0.000 0.000 0.000 1000001082254596374528.000
496357.572 270831.211 509429.749 0.000 0.000 0.000 1000001051005020274688.000
154712.203 371541.548 272159.853 0.000 0.000 0.000 999999148273513136128.000
14754.632 724619.279 745338.420 0.000 0.000 0.000 1000000005861881151488.000
412062.477 548257.250 833930.161 0.000 0.000 0.000 999998706044949102592.000
992567.995 398090.279 562617.591 0.000 0.000 0.000 1000001183130721189888.000
194637.420 171727.529 481286.889 0.000 0.000 0.000 999998934159347548160.000
964439.328 473992.890 896145.421 0.000 0.000 0.000 1000001467071322259456.000
433598.024 644665.239 598306.157 0.000 0.000 0.000 999998901021179641856.000
87696.034 336718.836 536224.492 0.000 0.000 0.000 999998681807153266688.000
466601.998 774286.741 774080.817 0.000 0.000 0.000 1000001695950998077440.000
333722.398 582189.836 466896.070 0.000 0.000 0.000 999999758286134181888.000
896218.973 91274.571 322252.672 0.000 0.000 0.000 1000000280461975224320.000
698742.959 692285.428 713356.933 0.000 0.000 0.000 1000001449478195773440.000
549482.318 879903.608 355154.034 0.000 0.000 0.000 1000000695055438446592.000
959632.398 428420.040 558381.317 0.000 0.000 0.000 1000002291803828912128.000
529469.489 267182.463 732783.664 0.000 0.000 0.000 1000000430778120142848.000
236624.389 955022.534 94646.674 0.000 0.000 0.000 1000001190622247124992.000
133573.342 329792.825 105019.224 0.000 0.000 0.000 1000001090837673148416.000
396095.798 106321.230 989274.415 0.000 0.000 0.000 1000000783534273986560.000
224183.826 697139.590 479498.668 0.000 0.000 0.000 999998443444785905664.000
511923.789 989795.751 626366.662 0.000 0.000 0.000 999999831124604354560.000
768018.242 156694.215 804735.262 0.000 0.000 0.000 999999311679286542336.000
290116.360 665442.638 860501.008 0.000 0.000 0.000 999999402913400750080.000
604334.424 838371.052 457179.336 0.000 0.000 0.000 1000002531274944020480.000
737507.781 424981.714 77033.323 0.000 0.000 0.000 1000001103924310704128.000
919242.292 398756.424 478714.004 0.000 0.000 0.000 1000000965374433034240.000
435504.180 229737.292 515441.443 0.000 0.000 0.000 999999894623634718720.000
574502.141 82501.430 343284.760 0.000 0.000 0.000 999999326208931659776.000
809735.939 624617.789 667385.769 0.000 0.000 0.000 1000000961348508712960.000
240857.110 820974.690 958272.153 0.000 0.000 0.000 999999524478764843008.000
499276.898 629554.280 493345.185 0.000 0.000 0.000 999998668414849777664.000
536009.877 35198.415 628434.344 0.000 0.000 0.000 1000000159919290712064.000
313025.465 519142.639 295857.872 0.000 0.000 0.000 999999542356406304768.000
790878.642 537787.285 299735.441 0.000 0.000 0.000 1000000048087951605760.000
489275.322 529397.517 216201.390 0.000 0.000 0.000 999999735904854212608.000
762849.114 685206.356 455107.510 0.000 0.000 0.000 999998525406811389952.000
209751.507 546456.366 423881.363 0.000 0.000 0.000 999999976155642200064.000
942052.312 534147.348 145018.631 0.000 0.000 0.000 1000002086626671591424.000
600995.968 670683.778 209160.506 0.000 0.000 0.000 1000001295288998297600.000
631196.664 918165.946 512997.053 0.000 0.000 0.000 1000000319710740217856.000
322000.931 32496.833 984607.923 0.000 0.000 0.000 1000000097073397366784.000
611066.444 246378.197 410075.308 0.000 0.000 0.000 999999941663410880512.000
77971.326 252410.079 603131.167 0.000 0.000 0.000 1000001164903698661376.000
715874.406 297454.757 433353.853 0.000 0.000 0.000 1000001369796211507200.000
670777.978 945317.952 695122.324 0.000 0.000 0.000 1000001137057635893248.000
237969.484 975632.947 608008.043 0.000 0.000 0.000 1000000221524049657856.000
621523.613 554087.425 547088.449 0.000 0.000 0.000 1000000002020802691072.000
218270.620 182246.884 21358.116 0.000 0.000 0.000 1000002565020435087360.000
410954.101 360138.380 327861.314 0.000 0.000 0.000 1000000642290993725440.000
664555.307 458989.225 526232.526 0.000 0.000 0.000 999999423827202801664.000
905657.353 952714.508 771137.355 0.000 0.000 0.000 999999495523004973056.000
488365.363 560305.818 115120.376 0.000 0.000 0.000 999999482435499065344.000
712836.511 605401.686 526017.864 0.000 0.000 0.000 1000000355372142952448.000
525459.153 936221.363 661219.202 0.000 0.000 0.000 1000000547266193915904.000
762403.058 558843.317 131693.301 0.000 0.000 0.000 1000001056337199235072.000
965107.405 602435.233 503494.217 0.000 0.000 0.000 999998926046058381312.000
945775.917 143555.505 967373.788 0.000 0.000 0.000 1000000671172810113024.000
226481.694 374665.583 143311.678 0.000 0.000 0.000 999999116708345151488.000
940858.187 661402.456 369277.046 0.000 0.000 0.000 999999931168641646592.000
67836.025 592848.205 7797.898 0.000 0.000 0.000 999999810448279732224.000
178482.163 329298.541 970280.487 0.000 0.000 0.000 1000000877567740346368.000
391746.176 54220.695 104913.690 0.000 0.000 0.000 1000000236089512034304.000
114082.045 619559.731 557100.830 0.000 0.000 0.000 999996456995544104960.000
221485.962 700459.924 750567.862 0.000 0.000 0.000 999999586847462653952.000
374398.046 887364.140 94467.298 0.000 0.000 0.000 999999884448066174976.000
651176.169 981076.144 941992.051 0.000 0.000 0.000 1000000999608550555648.000
584905.998 780460.760 545145.073 0.000 0.000 0.000 999999961294516518912.000
638449.710 889193.462 78854.278 0.000 0.000 0.000 999999874155921276928.000
757094.441 655928.128 324392.384 0.000 0.000 0.000 999999356915611074560.000
357475.167 247611.850 52249.765 0.000 0.000 0.000 999999701276149284864.000
530205.458 660170.297 250018.234 0.000 0.000 0.000 1000000444011443388416.000
116534.146 432659.244 771182.909 0.000 0.000 0.000 999999605473118781440.000
996398.670 213548.935 757691.465 0.000 0.000 0.000 999998999917952761856.000
895659.040 212619.779 375177.295 0.000 0.000 0.000 999998449180030271488.000
857062.099 764473.454 518204.964 0.000 0.000 0.000 999999925663899582464.000
919157.762 189799.006 962408.153 0.000 0.000 0.000 999999607772111831040.000
866101.282 838535.985 615209.451 0.000 0.000 0.000 999999535546248069120.000
633671.681 825248.986 244849.924 0.000 0.000 0.000 1000000895611752284160.000
565660.818 905474.572 984342.151 0.000 0.000 0.000 999999639269397626880.000
512064.884 513324.803 768358.307 0.000 0.000 0.000 999999336709776080896.000
725424.059 94997.813 829119.496 0.000 0.000 0.000 999999464777818701824.000
120070.034 111186.173 685300.293 0.000 0.000 0.000 1000000037219940433920.000
494352.889 712123.717 733320.106 0.000 0.000 0.000 1000000294990234124288.000
902589.785 529840.309 998438.436 0.000 0.000 0.000 1000000526186481713152.000
742407.673 60571.324 133434.395 0.000 0.000 0.000 999998955504732602368.000
454955.314 313507.521 813243.867 0.000 0.000 0.000 999999507087051849728.000
955700.242 336539.981 548775.291 0.000 0.000 0.000 1000002219028669267968.000
414781.600 965350.267 428965.638 0.000 0.000 0.000 999998806367246221312.000
428193.348 992486.289 821822.278 0.000 0.000 0.000 1000000209688272568320.000
943319.344 223992.864 754679.108 0.000 0.000 0.000 1000001032236302467072.000
857910.191 77426.202 542812.170 0.000 0.000 0.000 1000000255239052591104.000
616975.320 131616.221 127531.472 0.000 0.000 0.000 1000000662212112285696.000
166115.173 265052.061 602660.122 0.000 0.000 0.000 999998309673010200576.000
483883.565 724071.538 6443.672 0.000 0.000 0.000 1000000248005861965824.000
884883.079 913949.282 948031.729 0.000 0.000 0.000 999997879915128946688.000
247502.120 530797.290 93883.221 0.000 0.000 0.000 999999583934380900352.000
576171.340 481922.972 853728.905 0.000 0.000 0.000 1000001906647623008256.000
154691.451 736325.570 504095.725 0.000 0.000 0.000 999999866999440670720.000
469648.213 406030.165 264632.668 0.000 0.000 0.000 999999511992677433344.000
306644.849 386049.392 523336.272 0.000 0.000 0.000 1000000225679560933376.000
781724.123 636417.940 590773.619 0.000 0.000 0.000 1000001088590988181504.000
656952.073 803672.541 93818.118 0.000 0.000 0.000 1000000991510309371904.000
871425.964 103878.637 423015.162 0.000 0.000 0.000 999999749865884614656.000
839026.114 70191.339 198138.455 0.000 0.000 0.000 1000000105817826131968.000
954580.951 906952.960 686346.217 0.000 0.000 0.000 999999927647711002624.000
125185.484 561977.207 854106.878 0.000 0.000 0.000 1000000213251653369856.000
980418.495 903681.493 745121.506 0.000 0.000 0.000 1000001243515378335744.000
184932.853 461385.638 653626.453 0.000 0.000 0.000 999999647193186828288.000
527892.551 153094.515 521824.737 0.000 0.000 0.000 999999780018475892736.000
934682.408 917883.510 566640.481 0.000 0.000 0.000 999998470158247002112.000
836409.679 498699.462 991315.969 0.000 0.000 0.000 999998791474276597760.000
981436.147 454940.534 271369.828 0.000 0.000 0.000 999999343473426300928.000
729026.644 526964.792 436710.647 0.000 0.000 0.000 999999057895979220992.000
55793.584 463959.197 537071.931 0.000 0.000 0.000 999999142797145669632.000
585175.304 620471.655 835485.891 0.000 0.000 0.000 1000000911066871103488.000
132686.612 665398.582 77069.262 0.000 0.000 0.000 1000000186534978912256.000
327574.290 607901.037 205732.299 0.000 0.000 0.000 999998480704075464704.000
197269.690 591529.205 331907.648 0.000 0.000 0.000 1000000463033738985472.000
535233.176 457535.993 289047.686 0.000 0.000 0.000 1000001028854032105472.000
956841.330 135276.040 504774.705 0.000 0.000 0.000 999998460710401736704.000
500225.524 601223.405 589197.475 0.000 0.000 0.000 1000000724181910028288.000
144255.489 609241.120 120698.387 0.000 0.000 0.000 999999259977191653376.000
998468.539 453237.685 322009.361 0.000 0.000 0.000 1000000704337741479936.000
802519.001 323099.247 252792.923 0.000 0.000 0.000 1000000375391379652608.000
598144.078 755685.649 580025.435 0.000 0.000 0.000 999999495995964915712.000
57122.580 272104.948 731744.429 0.000 0.000 0.000 1000000332133165826048.000
671377.080 314083.070 678444.993 0.000 0.000 0.000 1000000058049158578176.000
429877.083 197319.040 12242.924 0.000 0.000 0.000 1000000589605470208000.000
877439.247 712322.792 733788.922 0.000 0.000 0.000 999998726056528838656.000
402963.444 864096.506 704383.137 0.000 0.000 0.000 1000000411968133660672.000
789681.829 696873.079 345843.107 0.000 0.000 0.000 999999981753844891648.000
651637.615 835028.388 749159.453 0.000 0.000 0.000 999999196545695088640.000
812521.599 655204.665 614968.124 0.000 0.000 0.000 1000001496817012178944.000
607123.321 264613.571 214594.739 0.000 0.000 0.000 999998807015302103040.000
220166.187 246983.006 781752.308 0.000 0.000 0.000 999999815173827461120.000
680199.453 917868.823 846762.521 0.000 0.000 0.000 999999269879110959104.000
686600.212 909404.120 514947.134 0.000 0.000 0.000 999998562045460742144.000
429762.249 239310.859 306233.753 0.000 0.000 0.000 1000001521506843099136.000
460224.742 740598.653 631419.162 0.000 0.000 0.000 999999695762280677376.000
253606.430 282347.584 389732.369 0.000 0.000 0.000 999999938988001722368.000
487571.247 530715.932 817949.875 0.000 0.000 0.000 1000000503350535913472.000
193269.199 146841.856 203634.351 0.000 0.000 0.000 999998187373709885440.000
574589.768 282506.916 127646.198 0.000 0.000 0.000 999999784815738486784.000
494932.180 692678.337 429275.070 0.000 0.000 0.000 999999330079575769088.000
264476.514 419862.946 340494.854 0.000 0.000 0.000 1000001058760169750528.000
633210.285 716847.852 838454.278 0.000 0.000 0.000 1000000782689368539136.000
957743.897 712021.285 650673.690 0.000 0.000 0.000 999999622505288957952.000
529228.264 689912.170 709664.352 0.000 0.000 0.000 999999093303936811008.000
718874.269 378472.854 308023.496 0.000 0.000 0.000 999999895403939364864.000
144553.311 222989.139 190646.537 0.000 0.000 0.000 999999226249405792256.000
689497.301 617337.073 630027.823 0.000 0.000 0.000 999998673772400082944.000
912662.779 435026.639 829315.331 0.000 0.000 0.000 1000000185172009811968.000
170248.688 437840.942 384372.285 0.000 0.000 0.000 1000000204395671060480.000
466227.617 751439.569 413375.295 0.000 0.000 0.000 1000000794874556841984.000
431572.207 161513.608 814559.566 0.000 0.000 0.000 999999465406930485248.000
303997.876 873173.423 612320.189 0.000 0.000 0.000 999999360744814280704.000
481145.280 292596.104 450993.469 0.000 0.000 0.000 999999741964094406656.000
166342.136 714864.804 469650.429 0.000 0.000 0.000 999998948527646048256.000
182445.022 432110.579 557169.333 0.000 0.000 0.000 1000000797387796774912.000
148887.237 318079.134 915969.882 0.000 0.000 0.000 999999944004935876608.000
238722.022 174012.665 708902.760 0.000 0.000 0.000 1000000342422461218816.000
540401.974 573825.488 452898.591 0.000 0.000 0.000 1000000542285088555008.000
592693.384 184470.633 420176.801 0.000 0.000 0.000 999998401140052328448.000
893846.713 433138.646 673187.230 0.000 0.000 0.000 999999972910943174656.000
763950.179 670225.580 443539.505 0.000 0.000 0.000 1000000419405887963136.000
994459.483 493198.804 31819.248 0.000 0.000 0.000 1000000542676195082240.000
358765.669 655833.853 532274.817 0.000 0.000 0.000 999999606192146481152.000
10537.783 961311.658 339151.098 0.000 0.000 0.000 1000000158313314254848.000
782262.583 960216.610 927693.746 0.000 0.000 0.000 1000002283320214683648.000
258790.264 72379.446 464155.372 0.000 0.000 0.000 1000000461312539099136.000
360336.649 958541.227 836572.136 0.000 0.000 0.000 999998917406632574976.000
728816.508 125592.443 197674.078 0.000 0.000 0.000 999998752899290103808.000
559685.424 790124.003 565761.401 0.000 0.000 0.000 999999882033918509056.000
766287.467 905209.931 906059.783 0.000 0.000 0.000 999999540243965149184.000
753886.149 506727.223 781773.570 0.000 0.000 0.000 999999977790673387520.000
632733.029 4917.513 352398.385 0.000 0.000 0.000 1000000321086768545792.000
105346.910 666159.687 629388.429 0.000 0.000 0.000 999999360835077537792.000
511715.529 932161.304 823085.304 0.000 0.000 0.000 999999997750827941888.000
73698.356 459553.631 534532.753 0.000 0.000 0.000 1000000285672954920960.000
378378.363 632738.494 287512.036 0.000 0.000 0.000 999999192575241617408.000
311443.182 428048.876 177889.483 0.000 0.000 0.000 1000001021222472777728.000
919999.365 824219.983 601666.366 0.000 0.000 0.000 999999554376830550016.000
882646.698 757425.716 270620.166 0.000 0.000 0.000 1000000053474509324288.000
347347.768 614877.824 479691.995 0.000 0.000 0.000 999998290525272014848.000
571612.195 847163.721 443398.776 0.000 0.000 0.000 999999978148760780800.000
484636.467 780524.715 469564.409 0.000 0.000 0.000 1000000011703928750080.000
577725.756 780817.381 28323.984 0.000 0.000 0.000 1000000537805486292992.000
355285.737 249858.750 748786.878 0.000 0.000 0.000 1000000218608496148480.000
763918.538 594293.375 814897.073 0.000 0.000 0.000 1000000509324113346560.000
286680.442 496966.814 853049.861 0.000 0.000 0.000 1000000014837459714048.000
441086.248 662724.926 691040.721 0.000 0.000 0.000 999999400416414400512.000
783023.570 247936.296 393194.554 0.000 0.000 0.000 1000000286714918600704.000
753289.805 612534.394 368311.821 0.000 0.000 0.000 1000000841181400399872.000
565311.864 752049.944 75600.630 0.000 0.000 0.000 1000000002351991226368.000
93268.490 764631.118 429119.647 0.000 0.000 0.000 1000000875189299576832.000
518423.333 705685.033 254084.388 0.000 0.000 0.000 1000000380785750441984.000
42993.275 280206.286 476903.264 0.000 0.000 0.000 1000001102715036368896.000
469907.738 570133.540 167494.223 0.000 0.000 0.000 999999421601514127360.000
206958.859 154063.139 855232.320 0.000 0.000 0.000 999999437337146032128.000
354664.893 568075.444 703682.390 0.000 0.000 0.000 1000000372274433884160.000
801368.046 695831.048 702422.940 0.000 0.000 0.000 999999313804492406784.000
701517.694 155492.793 248448.261 0.000 0.000 0.000 999999531927905107968.000
676721.513 336100.265 988642.460 0.000 0.000 0.000 999999518966222553088.000
372594.417 723291.345 968908.292 0.000 0.000 0.000 1000001047202624307200.000
689506.783 803267.683 787389.006 0.000 0.000 0.000 1000001163127194386432.000
94279.547 77039.178 160489.278 0.000 0.000 0.000 999998676727042801664.000
35437.344 711779.351 649399.376 0.000 0.000 0.000 999999535375690760192.000
209306.247 706102.028 853486.077 0.000 0.000 0.000 1000000448931302866944.000
510030.382 97718.734 885910.721 0.000 0.000 0.000 999998366705345757184.000
206942.316 118176.773 665835.762 0.000 0.000 0.000 1000000624513703084032.000
479714.395 289014.048 407087.344 0.000 0.000 0.000 1000000381643605671936.000
804308.308 525233.296 712063.036 0.000 0.000 0.000 1000000143664211689472.000
633229.172 785204.264 399053.579 0.000 0.000 0.000 999999363571874267136.000
692163.471 685059.308 882161.872 0.000 0.000 0.000 1000001400609933230080.000
624632.856 753200.636 537932.086 0.000 0.000 0.000 999998203554885009408.000
818101.394 57634.006 496825.643 0.000 0.000 0.000 999999012475580841984.000
395639.391 869293.174 203620.833 0.000 0.000 0.000 1000000002342986317824.000
131417.301 659420.944 987784.955 0.000 0.000 0.000 999999553906210766848.000
619957.970 954597.933 488697.346 0.000 0.000 0.000 1000001062288918839296.000
896297.343 873615.842 706679.960 0.000 0.000 0.000 999999742526011867136.000
821739.915 787664.464 560837.251 0.000 0.000 0.000 999998945490892095488.000
489232.619 599624.477 896642.839 0.000 0.000 0.000 1000000247727350349824.000
907824.769 409275.972 19498.495 0.000 0.000 0.000 999999194160219815936.000
1250.413 684784.439 69963.971 0.000 0.000 0.000 999999474777257541632.000
268238.323 997842.298 754475.030 0.000 0.000 0.000 999999192298527522816.000
31996.071 81801.837 600137.250 0.000 0.000 0.000 1000000254338704474112.000
124616.520 432236.691 355655.740 0.000 0.000 0.000 999999970213414830080.000
992998.000 535509.709 249982.082 0.000 0.000 0.000 1000000710494054514688.000
576529.200 855683.078 540761.383 0.000 0.000 0.000 1000000248351139168256.000
880690.046 590329.021 569442.544 0.000 0.000 0.000 1000000272285972430848.000
688674.424 438154.576 151491.114 0.000 0.000 0.000 1000001571078824132608.000
534309.633 262529.755 890081.855 0.000 0.000 0.000 999999820037829296128.000
54262.672 182443.515 387591.812 0.000 0.000 0.000 1000000108113718673408.000
90237.300 979882.056 840156.422 0.000 0.000 0.000 1000000347041895284736.000
876962.516 476671.127 178835.695 0.000 0.000 0.000 1000001172464885956608.000
467132.747 290409.063 771633.531 0.000 0.000 0.000 999998955487857082368.000
678533.479 259947.839 740656.082 0.000 0.000 0.000 1000000249736913879040.000
251817.236 411613.373 306646.544 0.000 0.000 0.000 999999370555886927872.000
434126.996 28486.708 25194.350 0.000 0.000 0.000 999998192366920663040.000
863072.234 303512.715 696256.697 0.000 0.000 0.000 999998258051575709696.000
55886.716 825588.296 575713.857 0.000 0.000 0.000 1000000231123779715072.000
868448.206 998028.468 700319.711 0.000 0.000 0.000 999999429446645972992.000
837611.613 369561.600 890366.887 0.000 0.000 0.000 1000000137307502673920.000
976517.735 526360.285 574090.399 0.000 0.000 0.000 999999691081890136064.000
500897.901 74413.926 738571.770 0.000 0.000 0.000 1000000373945544081408.000
572500.088 213058.242 996669.549 0.000 0.000 0.000 999999551125274886144.000
292939.066 848415.598 168257.046 0.000 0.000 0.000 1000001482717465411584.000
529085.468 227138.031 568925.798 0.000 0.000 0.000 1000000425248536395776.000
363449.958 533255.378 243742.272 0.000 0.000 0.000 1000000248574048600064.000
28583.186 727361.945 5463.122 0.000 0.000 0.000 1000000180424583413760.000
383555.951 355127.287 975162.753 0.000 0.000 0.000 1000001283174495289344.000
631196.196 628239.781 528627.072 0.000 0.000 0.000 1000000739604891041792.000
734299.912 67687.926 598019.781 0.000 0.000 0.000 999999739045775540224.000
524147.151 704053.981 932690.683 0.000 0.000 0.000 999999110525839081472.000
257571.745 639690.761 591300.197 0.000 0.000 0.000 1000002638737488478208.000
970786.821 701019.294 811523.413 0.000 0.000 0.000 999999714011210711040.000
655155.694 271924.030 348566.597 0.000 0.000 0.000 999999400660493008896.000
276041.668 997624.120 639489.191 0.000 0.000 0.000 1000000498246429048832.000
242771.184 467958.710 172962.960 0.000 0.000 0.000 1000000571489416773632.000
186141.478 905769.963 392096.001 0.000 0.000 0.000 1000000295217641816064.000
124996.646 324323.645 476335.747 0.000 0.000 0.000 999999967155898679296.000
83279.854 6163.424 827249.490 0.000 0.000 0.000 999999740179821887488.000
242061.921 412249.311 451153.884 0.000 0.000 0.000 999998541007263498240.000
939566.980 89738.222 74931.755 0.000 0.000 0.000 1000000885628621160448.000
972049.291 569214.807 5332.721 0.000 0.000 0.000 999999678428683436032.000
28007.584 832513.250 566339.509 0.000 0.000 0.000 1000000624948835778560.000
752688.696 644720.296 358689.942 0.000 0.000 0.000 1000001308045698924544.000
519970.880 321886.000 935405.756 0.000 0.000 0.000 999999283154397167616.000
363971.689 59909.506 280973.871 0.000 0.000 0.000 1000000154216854716416.000
822023.497 44160.872 125657.480 0.000 0.000 0.000 999998622399329337344.000
31256.617 853306.400 583641.377 0.000 0.000 0.000 999998474903984275456.000
472992.364 964812.667 927444.166 0.000 0.000 0.000 999999168370712379392.000
244741.969 226424.400 951226.553 0.000 0.000 0.000 1000000646133373992960.000
5038.093 98495.682 344201.160 0.000 0.000 0.000 1000000596673694662656.000
407063.128 733093.042 568612.836 0.000 0.000 0.000 999999990786326921216.000
234241.946 90107.478 372059.909 0.000 0.000 0.000 1000001058639926525952.000
176153.850 985548.066 390825.281 0.000 0.000 0.000 1000000066129147985920.000
17637.156 715078.754 403752.518 0.000 0.000 0.000 999998019697327472640.000
816447.508 951613.761 481666.949 0.000 0.000 0.000 999999731340287672320.000
155141.625 185722.380 151379.816 0.000 0.000 0.000 1000000220861365223424.000
113306.052 268895.484 192721.968 0.000 0.000 0.000 999999840713055404032.000
2693.554 548190.223 5806.915 0.000 0.000 0.000 999999490388077707264.000
354390.965 360339.034 698275.883 0.000 0.000 0.000 1000000500930566422528.000
401204.903 815246.388 811441.081 0.000 0.000 0.000 1000000381608180973568.000
3051.419 783047.397 183313.111 0.000 0.000 0.000 1000000868036992434176.000
757315.222 181881.106 304614.417 0.000 0.000 0.000 999999546514741395456.000
11878.211 109280.710 356237.840 0.000 0.000 0.000 1000002302050467577856.000
843929.252 865839.723 903792.683 0.000 0.000 0.000 999999502720127074304.000
240948.865 643580.199 418182.325 0.000 0.000 0.000 999998050611060932608.000
436133.959 997514.132 163361.339 0.000 0.000 0.000 999999208255751192576.000
3864.983 490309.019 803714.241 0.000 0.000 0.000 1000000024857442385920.000
156127.531 569232.547 776507.307 0.000 0.000 0.000 1000000264322105212928.000
776.114 856182.629 957592.636 0.000 0.000 0.000 999999518317251133440.000
264122.096 844729.036 869120.877 0.000 0.000 0.000 999999220308552056832.000
689446.036 949500.665 15105.563 0.000 0.000 0.000 999998732107373608960.000
591357.789 437380.458 561079.357 0.000 0.000 0.000 999998543758756544512.000
838596.270 278474.684 465983.662 0.000 0.000 0.000 1000000386794837770240.000
74421.472 476273.460 711939.149 0.000 0.000 0.000 1000000292507330805760.000
748151.798 338821.278 284986.999 0.000 0.000 0.000 999999459311631859712.000
736766.664 543580.119 904388.973 0.000 0.000 0.000 999998687844039655424.000
256000.781 428268.760 669536.436 0.000 0.000 0.000 1000000105368614862848.000
482077.208 857657.560 834708.486 0.000 0.000 0.000 999998842620280307712.000
76911.491 184763.369 674451.215 0.000 0.000 0.000 999999158449357717504.000
451522.345 568023.771 787224.969 0.000 0.000 0.000 1000001214523231698944.000
419898.123 230970.521 342424.367 0.000 0.000 0.000 1000000652997757108224.000
66386.271 622019.049 971664.334 0.000 0.000 0.000 999998531548395995136.000
534610.468 296626.271 32269.707 0.000 0.000 0.000 999999185628998664192.000
389131.837 2994.874 419442.543 0.000 0.000 0.000 999999216016203448320.000
30177.676 833930.427 69608.706 0.000 0.000 0.000 1000000263913494413312.000
891040.298 49877.161 938052.612 0.000 0.000 0.000 999999035748995432448.000
666756.124 13291.620 156742.182 0.000 0.000 0.000 1000000507951636545536.000
80274.067 491282.349 204463.094 0.000 0.000 0.000 999997563524047044608.000
802758.434 707007.730 984718.621 0.000 0.000 0.000 1000000234910969233408.000
299728.784 173317.551 25273.632 0.000 0.000 0.000 999999513267288408064.000
644477.584 756696.264 255990.625 0.000 0.000 0.000 1000000252356673404928.000
296108.198 841731.178 985410.246 0.000 0.000 0.000 999999702448112795648.000
645213.508 931098.554 87517.497 0.000 0.000 0.000 1000000237728298958848.000
649483.359 679357.366 909964.779 0.000 0.000 0.000 999999792387563323392.000
304868.642 213681.651 788361.363 0.000 0.000 0.000 1000000305206852452352.000
69652.490 408203.129 194766.441 0.000 0.000 0.000 999998908598653943808.000
159912.375 620072.304 174604.397 0.000 0.000 0.000 999998894162360139776.000
395678.940 643209.146 976493.980 0.000 0.000 0.000 1000001065381607768064.000
203070.046 648198.828 286668.163 0.000 0.000 0.000 999999639601181884416.000
819656.753 919791.961 492338.001 0.000 0.000 0.000 1000000732017914150912.000
74723.818 817540.038 845934.801 0.000 0.000 0.000 1000000013427586105344.000
355130.804 292794.591 995228.562 0.000 0.000 0.000 1000000877534334943232.000
198604.057 193945.614 893708.392 0.000 0.000 0.000 999999512478911954944.000
631016.595 212143.100 32591.705 0.000 0.000 0.000 1000000303309767442432.000
222744.048 920672.259 903553.434 0.000 0.000 0.000 999998204451913859072.000
218533.052 151121.656 939789.977 0.000 0.000 0.000 999999790293380628480.000
852417.132 540655.768 876227.971 0.000 0.000 0.000 1000000089730128805888.000
46382.390 473960.001 963367.781 0.000 0.000 0.000 999999195774614503424.000
617353.966 999577.125 916657.370 0.000 0.000 0.000 999999519352888623104.000
769164.523 744681.732 602775.417 0.000 0.000 0.000 1000000442406898237440.000
198982.656 673413.268 318360.104 0.000 0.000 0.000 999999834764625707008.000
773457.366 954387.664 282467.468 0.000 0.000 0.000 1000000128002680029184.000
132990.514 770734.986 496261.176 0.000 0.000 0.000 1000000096691974963200.000
114347.073 858735.890 822523.953 0.000 0.000 0.000 1000000852377540755456.000
439170.217 495988.810 136732.753 0.000 0.000 0.000 1000000622087105282048.000
492706.855 972449.167 686347.871 0.000 0.000 0.000 1000000147051190943744.000
418841.393 620733.270 273028.374 0.000 0.000 0.000 1000001076288905412608.000
765837.661 263119.809 235186.260 0.000 0.000 0.000 999999020194185609216.000
184720.164 592843.646 435017.558 0.000 0.000 0.000 1000000340450027634688.000
1307.691 437414.528 209776.518 0.000 0.000 0.000 1000001201893860442112.000
997894.829 750184.059 795951.097 0.000 0.000 0.000 999999579231740887040.000
529222.859 817069.552 731056.357 0.000 0.000 0.000 1000000284173093437440.000
199078.325 386060.583 981867.253 0.000 0.000 0.000 999999916829909712896.000
266208.739 360176.658 369329.445 0.000 0.000 0.000 999998278754780446720.000
500187.713 664055.826 957430.574 0.000 0.000 0.000 1000000170881497825280.000
893205.987 306985.646 809718.248 0.000 0.000 0.000 1000000126307611967488.000
971536.884 778288.093 316640.063 0.000 0.000 0.000 999999899159848157184.000
26292.976 961330.362 274186.947 0.000 0.000 0.000 999999989732367532032.000
919474.645 799882.140 265908.703 0.000 0.000 0.000 999999712385523384320.000
545113.617 318093.041 190253.645 0.000 0.000 0.000 999999387603075465216.000
840481.783 587539.332 261195.807 0.000 0.000 0.000 999997924080061906944.000
847803.459 778061.138 964090.146 0.000 0.000 0.000 999999755896274026496.000
621297.772 796199.953 459673.830 0.000 0.000 0.000 1000000104257319469056.000
548107.690 30232.942 939874.854 0.000 0.000 0.000 999997852098238218240.000
816040.283 782511.576 18079.903 0.000 0.000 0.000 999998717441462501376.000
914749.349 326638.768 440180.538 0.000 0.000 0.000 999999372106344955904.000
900188.836 1179.869 60622.857 0.000 0.000 0.000 999999332766838554624.000
823997.806 911488.531 544645.725 0.000 0.000 0.000 1000001096744693137408.000
456237.870 348795.912 787370.313 0.000 0.000 0.000 1000000362255138160640.000
743590.960 649030.247 136044.215 0.000 0.000 0.000 1000000644961064058880.000
379508.443 601810.192 476055.470 0.000 0.000 0.000 999999709778471026688.000
955594.546 646974.894 646123.997 0.000 0.000 0.000 1000000063334374440960.000
314481.963 445525.806 763758.696 0.000 0.000 0.000 1000002474556027830272.000
963665.840 499143.009 241744.042 0.000 0.000 0.000 999998783335480033280.000
727406.561 68253.623 795535.516 0.000 0.000 0.000 1000001391390982930432.000
669388.779 108305.735 738834.967 0.000 0.000 0.000 999998926154846175232.000
749884.349 750567.157 453057.938 0.000 0.000 0.000 999999652333713883136.000
474071.558 429391.529 123640.041 0.000 0.000 0.000 1000002216161331773440.000
751814.959 368316.678 714793.292 0.000 0.000 0.000 999998898135899832320.000
911386.596 502829.498 387656.220 0.000 0.000 0.000 1000000130558560567296.000
787637.927 623711.249 413423.006 0.000 0.000 0.000 999999538809422479360.000
425664.739 231289.527 705881.465 0.000 0.000 0.000 999998876046871363584.000
308045.169 295943.326 415844.644 0.000 0.000 0.000 999998957815362879488.000
489876.211 468917.529 904046.877 0.000 0.000 0.000 999999157945019662336.000
751778.226 940167.796 920833.434 0.000 0.000 0.000 999999830870610804736.000
820790.020 672573.445 413406.534 0.000 0.000 0.000 1000000610949153161216.000
882940.618 378367.075 278676.765 0.000 0.000 0.000 999999659355948187648.000
823855.355 670142.439 710971.937 0.000 0.000 0.000 1000000391230250811392.000
367964.312 442435.865 628103.810 0.000 0.000 0.000 999999305345458503680.000
902089.989 411903.008 488612.853 0.000 0.000 0.000 999999575171766419456.000
115804.428 497704.084 406953.692 0.000 0.000 0.000 999998957589792161792.000
463229.168 729232.194 149330.181 0.000 0.000 0.000 999998376545941979136.000
300179.254 389652.614 131036.819 0.000 0.000 0.000 1000001126454603415552.000
44550.624 536391.975 573477.911 0.000 0.000 0.000 1000000497811889061888.000
619992.158 382994.910 768824.509 0.000 0.000 0.000 1000001514989329448960.000
722033.286 371460.060 885514.690 0.000 0.000 0.000 999999995824726343680.000
207306.819 978426.339 370785.519 0.000 0.000 0.000 999999393941970747392.000
350791.975 544727.283 260493.680 0.000 0.000 0.000 999999876414383194112.000
856247.569 659874.011 294732.388 0.000 0.000 0.000 999999187847949189120.000
837366.166 759253.052 79026.271 0.000 0.000 0.000 1000001163491534569472.000
557710.581 111416.828 858917.462 0.000 0.000 0.000 1000000212670124916736.000
458531.776 769560.995 256656.297 0.000 0.000 0.000 999999060984109203456.000
425191.575 896405.188 58196.656 0.000 0.000 0.000 1000000796334758690816.000
443463.090 903011.866 766095.150 0.000 0.000 0.000 999998275192589254656.000
93568.444 15724.047 99080.329 0.000 0.000 0.000 999999901968840785920.000
770362.680 536392.663 97352.290 0.000 0.000 0.000 1000000208626139267072.000
258785.752 316339.225 992749.653 0.000 0.000 0.000 999998855083672469504.000
36522.167 368185.149 100061.921 0.000 0.000 0.000 999999133684721647616.000
833867.637 674556.847 637821.687 0.000 0.000 0.000 999999130354749014016.000
740556.541 419900.835 941575.163 0.000 0.000 0.000 999999397327110930432.000
102788.331 265774.706 457037.879 0.000 0.000 0.000 1000000953528389730304.000
158251.991 633170.127 568958.051 0.000 0.000 0.000 1000001384778466590720.000
126971.861 555138.939 464469.424 0.000 0.000 0.000 999997644011266244608.000
807457.493 296255.763 533818.551 0.000 0.000 0.000 1000001343002020282368.000
451184.043 769994.837 522864.683 0.000 0.000 0.000 999999267958443081728.000
275271.647 1983.357 592998.764 0.000 0.000 0.000 1000001508318330093568.000
999705.927 729452.376 774669.291 0.000 0.000 0.000 999999783762078466048.000
85690.240 210831.249 638343.580 0.000 0.000 0.000 999999597634859433984.000
690958.103 7174.014 762702.243 0.000 0.000 0.000 1000000789435323908096.000
309443.453 163545.587 510681.280 0.000 0.000 0.000 999999231056636411904.000
605853.406 177541.272 749052.367 0.000 0.000 0.000 999999963289356468224.000
155262.423 561861.481 474318.951 0.000 0.000 0.000 999999158131209928704.000
326498.821 367566.363 625592.838 0.000 0.000 0.000 999999597278026268672.000
517254.541 417654.030 647956.038 0.000 0.000 0.000 999999205096343994368.000
925686.752 825880.629 571782.667 0.000 0.000 0.000 1000001009867990761472.000
531193.310 537571.271 353043.281 0.000 0.000 0.000 1000000287940093411328.000
518350.388 628228.210 834485.284 0.000 0.000 0.000 999999386867129253888.000
897388.750 116822.596 275218.351 0.000 0.000 0.000 1000002246949933547520.000
119710.472 961867.196 509637.612 0.000 0.000 0.000 1000002358452837548032.000
162663.514 527295.921 986259.200 0.000 0.000 0.000 1000001141154499526656.000
397145.048 440788.801 261407.522 0.000 0.000 0.000 999999454399965036544.000
850837.987 150490.926 905065.596 0.000 0.000 0.000 999999933002895851520.000
743268.237 975569.896 255599.229 0.000 0.000 0.000 999998823817288089600.000
244230.890 119731.306 957695.784 0.000 0.000 0.000 999997567089658822656.000
269802.327 996732.053 742296.567 0.000 0.000 0.000 1000000877611362680832.000
215823.529 589015.354 661040.325 0.000 0.000 0.000 1000000758398840471552.000
354150.947 269547.699 564215.270 0.000 0.000 0.000 999998875341520502784.000
483175.279 749881.503 118219.619 0.000 0.000 0.000 999998594998789865472.000
413607.023 998785.935 843460.652 0.000 0.000 0.000 999998606658594799616.000
571634.151 318264.771 952279.115 0.000 0.000 0.000 999998713511819608064.000
625959.225 684318.442 442000.504 0.000 0.000 0.000 999999065623759421440.000
900515.451 457196.590 188977.360 0.000 0.000 0.000 1000000796142303313920.000
796478.924 919650.801 840104.818 0.000 0.000 0.000 1000000392076434079744.000
363291.821 557595.396 583357.031 0.000 0.000 0.000 999999291971655958528.000
775454.530 89394.421 109302.673 0.000 0.000 0.000 999998705079250190336.000
311514.285 326191.770 255723.167 0.000 0.000 0.000 1000000114995449430016.000
314280.692 403524.716 939093.441 0.000 0.000 0.000 999998838612008763392.000
581508.914 270671.903 203800.593 0.000 0.000 0.000 999998740341570928640.000
278590.825 808543.592 532778.584 0.000 0.000 0.000 1000000894133462237184.000
289945.864 709584.709 907619.507 0.000 0.000 0.000 1000000737894997295104.000
454542.166 780792.698 625602.724 0.000 0.000 0.000 999999585905884397568.000
381252.087 803391.142 813578.915 0.000 0.000 0.000 1000001974335900483584.000
397229.258 184072.226 695219.210 0.000 0.000 0.000 1000000804504450367488.000
294920.305 595928.497 626297.361 0.000 0.000 0.000 1000001925493018329088.000
241122.805 273452.947 916679.027 0.000 0.000 0.000 999999775582864670720.000
488622.506 546362.379 296776.912 0.000 0.000 0.000 1000000253741034504192.000
936607.202 241066.307 173032.026 0.000 0.000 0.000 1000000726059383390208.000
567368.154 893626.479 35845.937 0.000 0.000 0.000 1000000335183957196800.000
365092.477 680791.388 697226.850 0.000 0.000 0.000 1000000850039343939584.000
625876.680 615543.525 237214.165 0.000 0.000 0.000 1000001653600752238592.000
577926.337 886770.364 778153.570 0.000 0.000 0.000 999999649506030649344.000
107739.869 277114.831 684445.228 0.000 0.000 0.000 999999265566490624000.000
44766.118 506628.144 550517.395 0.000 0.000 0.000 1000000216388512907264.000
324407.582 278980.896 759265.011 0.000 0.000 0.000 999999501067765022720.000
688167.083 524349.637 755780.134 0.000 0.000 0.000 999998143954373312512.000
108347.779 153503.435 866360.255 0.000 0.000 0.000 1000001589125870649344.000
546780.931 893438.762 804189.264 0.000 0.000 0.000 999999975570001887232.000
200983.057 876075.763 648930.017 0.000 0.000 0.000 1000000598338453372928.000
422897.302 24093.477 293182.847 0.000 0.000 0.000 1000000087949015384064.000
409850.285 92813.948 863778.132 0.000 0.000 0.000 1000000699235742777344.000
674470.284 61394.829 512640.271 0.000 0.000 0.000 1000000956685884588032.000
696561.991 180953.168 460727.365 0.000 0.000 0.000 999998647425662976000.000
456955.864 131097.826 972536.359 0.000 0.000 0.000 1000001163720026357760.000
813043.294 483652.822 529759.386 0.000 0.000 0.000 999999588103973634048.000
306500.335 282663.510 326254.832 0.000 0.000 0.000 1000002280762984628224.000
996079.262 464657.837 966631.041 0.000 0.000 0.000 1000001346179462725632.000
61286.399 43030.821 889409.604 0.000 0.000 0.000 999999973956673863680.000
357587.758 170540.346 208381.909 0.000 0.000 0.000 999998168220418048000.000
563570.198 361116.274 5769.953 0.000 0.000 0.000 1000000222964566982656.000
183265.703 917274.704 23330.632 0.000 0.000 0.000 1000001448037371740160.000
911346.120 677022.578 582135.313 0.000 0.000 0.000 1000000497453731020800.000
511991.358 292126.069 684771.644 0.000 0.000 0.000 1000001192377342099456.000
736600.324 429728.179 441787.652 0.000 0.000 0.000 1000000062045132292096.000
522992.181 371425.266 463938.858 0.000 0.000 0.000 999999694173168336896.000
43012.618 215855.999 856539.415 0.000 0.000 0.000 1000000591512441061376.000
45881.200 161760.891 10553.782 0.000 0.000 0.000 1000000103757310197760.000
630866.723 899962.996 797279.717 0.000 0.000 0.000 999999775777645527040.000
938610.542 71240.761 629389.823 0.000 0.000 0.000 999999028485685903360.000
908569.406 744812.492 818263.272 0.000 0.000 0.000 999999090935172038656.000
383673.777 592631.941 472492.519 0.000 0.000 0.000 1000000961380864753664.000
95682.717 441667.870 596062.728 0.000 0.000 0.000 999999439851895652352.000
551433.147 35254.098 792969.638 0.000 0.000 0.000 1000001196446993088512.000
998271.059 272519.076 586400.695 0.000 0.000 0.000 1000000235203613425664.000
227761.555 810309.523 773409.807 0.000 0.000 0.000 999999092593717280768.000
103887.655 768390.417 5410.197 0.000 0.000 0.000 1000000407791114125312.000
399448.787 654282.663 371611.599 0.000 0.000 0.000 999999529947286077440.000
720877.668 221344.774 872789.255 0.000 0.000 0.000 999999121402423803904.000
653301.648 18667.781 55531.259 0.000 0.000 0.000 999999966761916956672.000
504489.946 265406.568 727526.001 0.000 0.000 0.000 1000000075686093389824.000
288042.476 652822.217 430088.536 0.000 0.000 0.000 1000000390428381151232.000
677107.501 112863.289 183615.389 0.000 0.000 0.000 999998830258391220224.000
656278.134 788011.869 250779.555 0.000 0.000 0.000 999999962534362742784.000
270686.198 905632.152 309183.410 0.000 0.000 0.000 1000000142744716967936.000
706197.963 406556.809 117756.418 0.000 0.000 0.000 999998715294757027840.000
520003.310 480309.213 656918.774 0.000 0.000 0.000 1000000957253254643712.000
157535.038 197575.006 150225.114 0.000 0.000 0.000 999999029818787627008.000
253626.720 888240.547 816884.829 0.000 0.000 0.000 999999977882335576064.000
289964.216 606324.944 38662.957 0.000 0.000 0.000 999998567029202616320.000
94484.024 102138.149 714676.856 0.000 0.000 0.000 999999983992498683904.000
177915.403 221726.965 236866.058 0.000 0.000 0.000 1000000353204168032256.000
835084.231 839366.675 253051.595 0.000 0.000 0.000 1000000072769270972416.000
511232.836 451131.486 572365.188 0.000 0.000 0.000 1000000755817518858240.000
678208.625 962726.055 426767.633 0.000 0.000 0.000 999999045578868916224.000
36434.158 341734.736 317137.028 0.000 0.000 0.000 1000000045560331501568.000
366167.706 639304.091 159577.496 0.000 0.000 0.000 999999498384572809216.000
115572.133 2687.977 185065.456 0.000 0.000 0.000 999999223215719972864.000
689161.082 898414.482 535984.567 0.000 0.000 0.000 999999698324769996800.000
279832.113 754922.564 791375.110 0.000 0.000 0.000 1000000236704997703680.000
102689.082 317248.686 339177.289 0.000 0.000 0.000 1000000183826315870208.000
771780.928 225406.513 794455.854 0.000 0.000 0.000 999999701674533453824.000
464930.399 604816.434 770648.450 0.000 0.000 0.000 1000000532027654144000.000
569269.070 458855.157 847039.702 0.000 0.000 0.000 1000001588961896562688.000
867323.745 700694.797 148122.972 0.000 0.000 0.000 1000001147320444780544.000
834793.863 858879.371 301488.295 0.000 0.000 0.000 1000000019445746630656.000
326752.966 868478.475 972006.522 0.000 0.000 0.000 999999413218897821696.000
502488.395 123298.002 521252.517 0.000 0.000 0.000 1000000092543279038464.000
420836.875 557906.192 506816.360 0.000 0.000 0.000 1000000726209210875904.000
945773.943 367581.000 190651.181 0.000 0.000 0.000 1000000672214114107392.000
300846.834 11604.383 539687.793 0.000 0.000 0.000 1000001337701695881216.000
583799.859 824131.532 898791.928 0.000 0.000 0.000 1000001218323382009856.000
814682.259 823118.009 925183.649 0.000 0.000 0.000 999999627562096656384.000
951642.793 687588.316 968574.127 0.000 0.000 0.000 1000000551801531006976.000
816956.407 52032.988 226339.628 0.000 0.000 0.000 1000001082605849411584.000
469383.831 164695.790 301718.786 0.000 0.000 0.000 1000000109935461662720.000
311257.660 674846.660 375130.688 0.000 0.000 0.000 999998948152973459456.000
311519.140 517567.243 763617.588 0.000 0.000 0.000 999998845473049673728.000
800480.197 23683.843 686747.847 0.000 0.000 0.000 999998040727523688448.000
627966.769 998977.389 533549.204 0.000 0.000 0.000 1000000051747257188352.000
984612.342 528243.213 351078.572 0.000 0.000 0.000 999999619307208572928.000
550286.492 262596.629 525195.543 0.000 0.000 0.000 999999879034729267200.000
187591.033 919795.702 974980.066 0.000 0.000 0.000 1000000813767911800832.000
924132.169 196511.243 296146.740 0.000 0.000 0.000 1000000516674109702144.000
428407.224 697870.134 845385.171 0.000 0.000 0.000 999999878997334949888.000
611819.277 794596.500 614873.524 0.000 0.000 0.000 1000000182074925907968.000
31057.834 167543.234 785699.456 0.000 0.000 0.000 1000000809213710041088.000
680701.549 351467.278 656626.067 0.000 0.000 0.000 999999304533190377472.000
29333.770 185462.033 458231.792 0.000 0.000 0.000 1000001468735445139456.000
907392.033 711433.035 321431.828 0.000 0.000 0.000 999999314702850457600.000
856915.667 808414.952 871539.572 0.000 0.000 0.000 1000000546372284448768.000
500449.054 874674.285 558028.283 0.000 0.000 0.000 1000001308746553098240.000
354051.988 597721.197 641950.595 0.000 0.000 0.000 1000000811939213082624.000
543738.772 567197.582 908056.966 0.000 0.000 0.000 999999910114921545728.000
740963.212 635569.685 389508.695 0.000 0.000 0.000 1000000648712876982272.000
347054.477 714253.670 440150.785 0.000 0.000 0.000 999999871901261103104.000
435437.396 974016.330 637070.226 0.000 0.000 0.000 999999687734216097792.000
64206.131 93086.070 317596.913 0.000 0.000 0.000 999999747214708965376.000
224942.988 853367.715 871231.262 0.000 0.000 0.000 1000001659642990034944.000
463115.326 311697.654 340687.883 0.000 0.000 0.000 1000000959755659116544.000
975139.279 139131.765 100637.672 0.000 0.000 0.000 999999753444704256000.000
549814.591 634173.596 266918.939 0.000 0.000 0.000 1000000081125872762880.000
659657.242 716184.174 959105.916 0.000 0.000 0.000 999998789141860843520.000
381459.295 130584.697 607533.129 0.000 0.000 0.000 999999447973329502208.000
860883.218 672425.404 779309.971 0.000 0.000 0.000 1000000633158451331072.000
846250.102 559506.120 542883.950 0.000 0.000 0.000 1000001061894558187520.000
539914.114 451641.890 589068.457 0.000 0.000 0.000 1000000381643797168128.000
563082.047 120611.171 251448.905 0.000 0.000 0.000 1000000039565339656192.000
1944.279 626137.864 992766.208 0.000 0.000 0.000 1000000482760756166656.000
545482.645 87871.214 903449.085 0.000 0.000 0.000 999998944175101837312.000
62080.472 588758.972 595479.220 0.000 0.000 0.000 999999392667938586624.000
982506.141 62488.734 22393.142 0.000 0.000 0.000 1000001468199279525888.000
886523.460 781957.974 479036.828 0.000 0.000 0.000 999999816629175713792.000
27141.700 736597.972 55893.306 0.000 0.000 0.000 999998342457186189312.000
625901.148 946906.749 985310.852 0.000 0.000 0.000 999999730776087461888.000
671626.273 503850.295 235448.144 0.000 0.000 0.000 999998330399834636288.000
575749.697 965204.295 212678.489 0.000 0.000 0.000 999999789248023101440.000
527938.447 428285.146 695809.483 0.000 0.000 0.000 1000000797418205085696.000
939528.540 831149.216 486789.609 0.000 0.000 0.000 999999825643410161664.000
511677.455 713928.487 734022.876 0.000 0.000 0.000 999999985801575137280.000
338940.879 368572.556 794489.497 0.000 0.000 0.000 1000000217282069266432.000
131504.574 284896.627 524815.988 0.000 0.000 0.000 1000001500551700676608.000
994915.615 280761.129 187411.647 0.000 0.000 0.000 999998939127744167936.000
50912.113 144401.654 263852.856 0.000 0.000 0.000 1000001912193153236992.000
933714.278 705163.045 829476.040 0.000 0.000 0.000 1000000036959701303296.000
445573.884 820490.757 654268.965 0.000 0.000 0.000 999999359763923992576.000
290471.261 390369.579 5818.373 0.000 0.000 0.000 999998727976223899648.000
813334.897 630684.697 283188.568 0.000 0.000 0.000 999999391798027747328.000
880433.769 514803.443 498880.831 0.000 0.000 0.000 999998739208715370496.000
315203.429 44444.450 525639.868 0.000 0.000 0.000 1000000088020405059584.000
890731.116 726900.489 749105.526 0.000 0.000 0.000 1000002335881940566016.000
353405.137 20752.927 715815.491 0.000 0.000 0.000 1000001492163049291776.000
323119.347 137744.822 179484.368 0.000 0.000 0.000 1000000360616430403584.000
63596.594 969535.082 751262.643 0.000 0.000 0.000 999999402196190101504.000
801230.194 166257.774 958631.841 0.000 0.000 0.000 999998355509305540608.000
48071.556 405761.170 142951.007 0.000 0.000 0.000 999999465194645618688.000
611540.384 35622.822 945883.717 0.000 0.000 0.000 1000000146909738565632.000
289594.254 723582.493 62913.733 0.000 0.000 0.000 999999752135020249088.000
373526.967 992005.971 995513.919 0.000 0.000 0.000 1000001069700641456128.000
405184.867 833094.822 678106.640 0.000 0.000 0.000 999999380493632798720.000
920559.948 175060.380 243445.500 0.000 0.000 0.000 999999836979304726528.000
900218.299 521921.757 24748.595 0.000 0.000 0.000 999999018797057310720.000
962830.748 447455.372 305296.828 0.000 0.000 0.000 999998168055339810816.000
474877.000 777707.718 706933.784 0.000 0.000 0.000 1000000100694672277504.000
723619.657 948449.554 581389.474 0.000 0.000 0.000 999999713136937533440.000
629377.108 96436.315 313799.199 0.000 0.000 0.000 999999730171591393280.000
800530.627 472108.932 691819.359 0.000 0.000 0.000 1000000845795761586176.000
918148.959 433019.730 689774.889 0.000 0.000 0.000 999998246771114508288.000
109098.335 657503.708 615159.549 0.000 0.000 0.000 999998486086835896320.000
274531.296 820128.753 275314.328 0.000 0.000 0.000 999999888726588391424.000
703872.517 239201.306 776204.756 0.000 0.000 0.000 1000000124444058189824.000
295829.849 459702.139 90248.437 0.000 0.000 0.000 999999888102169116672.000
498671.225 17004.602 154066.941 0.000 0.000 0.000 999999901758495784960.000
302017.752 457531.519 159832.415 0.000 0.000 0.000 999999640548294918144.000
865496.775 553564.732 700070.798 0.000 0.000 0.000 999998742181027119104.000
594314.752 528625.101 901009.836 0.000 0.000 0.000 1000002509802961108992.000
480069.579 502620.338 276767.745 0.000 0.000 0.000 999999488453012750336.000
281473.322 179804.377 89465.525 0.000 0.000 0.000 1000000152605871046656.000
600483.753 517661.863 153156.341 0.000 0.000 0.000 1000000572331092738048.000
929232.428 221360.760 640188.018 0.000 0.000 0.000 999999594442354851840.000
874612.730 76182.134 489435.360 0.000 0.000 0.000 1000000833240369201152.000
434424.690 855002.924 167557.249 0.000 0.000 0.000 1000001835807106793472.000
315954.699 917534.761 547139.607 0.000 0.000 0.000 1000000258634919051264.000
274412.635 80563.029 181747.786 0.000 0.000 0.000 1000000175847732150272.000
586641.921 738301.029 822496.312 0.000 0.000 0.000 1000000042916408983552.000
843911.273 153714.370 507298.122 0.000 0.000 0.000 1000000451156382973952.000
797579.447 195525.962 23926.068 0.000 0.000 0.000 999999212725436022784.000
891531.045 214175.436 22526.156 0.000 0.000 0.000 999999663555104210944.000
392989.190 176163.148 68056.478 0.000 0.000 0.000 1000000018493827448832.000
864302.532 170744.083 631928.719 0.000 0.000 0.000 999999775310334918656.000
667420.639 385428.592 650315.223 0.000 0.000 0.000 999998939443046252544.000
512225.040 769469.089 116269.380 0.000 0.000 0.000 999999962704385409024.000
227950.506 4277.702 414481.332 0.000 0.000 0.000 1000000079602130092032.000
512994.435 74861.085 274684.984 0.000 0.000 0.000 1000000237009151590400.000
422410.761 174055.389 250832.849 0.000 0.000 0.000 1000000134071520985088.000
799890.130 663310.202 753290.692 0.000 0.000 0.000 1000001123700050493440.000
90606.187 861877.556 283373.566 0.000 0.000 0.000 999999387125972074496.000
740685.321 227382.447 519591.159 0.000 0.000 0.000 999998393757309075456.000
478156.539 828540.366 455131.151 0.000 0.000 0.000 999999391143114833920.000
668921.698 790013.234 122159.670 0.000 0.000 0.000 999999941839215132672.000
724718.588 93112.765 476838.947 0.000 0.000 0.000 999999876897283768320.000
653579.375 321329.895 386035.800 0.000 0.000 0.000 999999263644009103360.000
228739.008 710570.988 136086.646 0.000 0.000 0.000 1000000312947060768768.000
341111.999 437976.267 175811.564 0.000 0.000 0.000 999999596087185375232.000
544097.093 506688.519 695740.016 0.000 0.000 0.000 999999925094072582144.000
226151.021 733491.268 665963.753 0.000 0.000 0.000 999999729342583799808.000
806801.307 211931.337 71334.222 0.000 0.000 0.000 999999692654256586752.000
428578.627 85276.864 652234.080 0.000 0.000 0.000 1000000266603239309312.000
374829.779 795574.864 88653.801 0.000 0.000 0.000 999999916930098266112.000
742458.865 70373.634 740638.968 0.000 0.000 0.000 1000000930372735336448.000
989136.289 381137.060 934251.238 0.000 0.000 0.000 1000000113776055025664.000
577537.899 890331.166 121271.435 0.000 0.000 0.000 999999371463180419072.000
540422.927 546370.695 856770.577 0.000 0.000 0.000 1000001139528680472576.000
155001.510 425335.076 532615.946 0.000 0.000 0.000 1000000047342103035904.000
627386.974 359039.789 612214.357 0.000 0.000 0.000 999999302569447784448.000
561480.708 486876.715 46524.588 0.000 0.000 0.000 999999822745444417536.000
546786.249 597930.199 860068.398 0.000 0.000 0.000 1000002365667443474432.000
891800.028 619866.591 42525.139 0.000 0.000 0.000 1000000420531876659200.000
859199.655 674201.745 419014.357 0.000 0.000 0.000 1000000845461719875584.000
589029.666 790497.898 155046.364 0.000 0.000 0.000 999999211791590621184.000
189377.288 681873.407 718965.189 0.000 0.000 0.000 999999473310792024064.000
973628.498 391381.659 923510.642 0.000 0.000 0.000 999999239594618650624.000
76755.038 592241.017 152516.259 0.000 0.000 0.000 999999197625175638016.000
703215.494 388603.459 964052.703 0.000 0.000 0.000 1000001416412946235392.000
830756.375 270817.294 377650.535 0.000 0.000 0.000 999999385970401869824.000
418853.508 248197.141 955285.080 0.000 0.000 0.000 999998621038841954304.000
421161.399 244662.521 68680.881 0.000 0.000 0.000 1000000043357615947776.000
796824.435 593329.024 322503.974 0.000 0.000 0.000 999998804044934152192.000
265097.281 242224.223 449970.521 0.000 0.000 0.000 1000001465995040784384.000
595830.912 569087.304 461590.219 0.000 0.000 0.000 1000000413797756174336.000
942318.482 754580.788 777252.761 0.000 0.000 0.000 1000000468031324684288.000
778952.449 510437.995 627269.694 0.000 0.000 0.000 1000000561797355798528.000
185490.124 717448.588 263964.862 0.000 0.000 0.000 999998430842827833344.000
683844.013 551711.066 445759.991 0.000 0.000 0.000 999999325246755831808.000
254142.690 606273.743 525977.683 0.000 0.000 0.000 1000000920027463286784.000
616105.265 922427.676 663293.597 0.000 0.000 0.000 1000000019821549060096.000
432694.152 652106.798 488693.118 0.000 0.000 0.000 1000000059026943508480.000
848844.083 112964.385 431551.037 0.000 0.000 0.000 999998780642180202496.000
846353.583 801014.736 348378.972 0.000 0.000 0.000 1000000835723858280448.000
928532.576 485975.191 781921.828 0.000 0.000 0.000 999998527428249780224.000
943521.143 187189.765 698626.073 0.000 0.000 0.000 1000001148046277738496.000
862050.380 653991.820 14290.415 0.000 0.000 0.000 1000000156760540708864.000
515601.319 851367.484 998984.945 0.000 0.000 0.000 1000001055533315391488.000
685583.447 326590.320 688878.344 0.000 0.000 0.000 999999180297308078080.000
927282.413 552734.255 62221.487 0.000 0.000 0.000 1000000145783586553856.000
642390.134 315288.398 758708.619 0.000 0.000 0.000 999998199492837376000.000
61410.135 78948.848 490859.905 0.000 0.000 0.000 999999961266800295936.000
357332.787 889503.571 320809.387 0.000 0.000 0.000 999997843619992698880.000
434832.661 295302.427 517278.924 0.000 0.000 0.000 999999621400431689728.000
296845.268 678004.838 992139.239 0.000 0.000 0.000 1000000439346181570560.000
504705.420 136866.030 429079.543 0.000 0.000 0.000 999999943116776538112.000
509742.705 70029.396 917516.466 0.000 0.000 0.000 1000000566192156704768.000
819245.271 149837.860 467818.627 0.000 0.000 0.000 999998777880989007872.000
504617.476 322465.614 813732.938 0.000 0.000 0.000 999999919239850229760.000
768465.627 269466.956 908499.534 0.000 0.000 0.000 1000000890720842285056.000
749661.333 237462.100 680163.212 0.000 0.000 0.000 1000000647789832699904.000
605420.082 890458.116 519089.698 0.000 0.000 0.000 1000002734978239692800.000
128236.470 61860.610 994505.996 0.000 0.000 0.000 999998299731231375360.000
162470.379 695489.711 871025.701 0.000 0.000 0.000 1000001313481609969664.000
266852.442 515161.107 383729.347 0.000 0.000 0.000 1000000285976979308544.000
740736.832 960466.178 34434.108 0.000 0.000 0.000 1000001074392603033600.000
525194.440 936982.253 564077.461 0.000 0.000 0.000 1000000891469747322880.000
115383.600 533112.544 529281.464 0.000 0.000 0.000 1000000190745640697856.000
359666.094 532836.485 280940.564 0.000 0.000 0.000 1000000161652786462720.000
686730.534 695340.323 48433.208 0.000 0.000 0.000 1000000026457413386240.000
767829.395 59042.277 596210.847 0.000 0.000 0.000 1000000627340006653952.000
306267.581 446119.953 672306.056 0.000 0.000 0.000 1000000572428225085440.000
196801.495 317862.422 704933.955 0.000 0.000 0.000 999999916639939330048.000
337293.463 736228.928 480740.193 0.000 0.000 0.000 999998437620434862080.000
786955.496 498077.879 880887.658 0.000 0.000 0.000 999999510593888583680.000
490175.806 722595.103 645779.620 0.000 0.000 0.000 999999129348456185856.000
141760.962 494124.916 794816.567 0.000 0.000 0.000 1000001876018016550912.000
630348.825 977145.585 405134.782 0.000 0.000 0.000 999998252034893152256.000
623570.973 455482.336 613833.591 0.000 0.000 0.000 999999581563967897600.000
840990.344 886972.939 764070.403 0.000 0.000 0.000 1000001200343302799360.000
688693.207 530397.081 743183.756 0.000 0.000 0.000 1000000070293036466176.000
61673.816 344038.074 168107.031 0.000 0.000 0.000 1000000255611315683328.000
375870.130 554822.227 59733.292 0.000 0.000 0.000 999997944595410190336.000
251781.722 67112.892 559035.986 0.000 0.000 0.000 999997838568339013632.000
844946.625 70762.107 468175.259 0.000 0.000 0.000 1000001035449575145472.000
532784.156 591261.104 582503.343 0.000 0.000 0.000 999998533079992631296.000
429104.886 93603.951 48138.618 0.000 0.000 0.000 999999209973550022656.000
759506.689 953223.227 672018.988 0.000 0.000 0.000 1000000300060555608064.000
287165.290 507934.178 719968.417 0.000 0.000 0.000 1000000502456025481216.000
266782.008 313665.482 979924.914 0.000 0.000 0.000 1000000583756333580288.000
77549.680 182301.757 93702.988 0.000 0.000 0.000 999997743265844953088.000
103057.101 933567.771 932702.603 0.000 0.000 0.000 999998605437546528768.000
379177.509 276605.839 496632.101 0.000 0.000 0.000 999999318254731919360.000
392011.440 299332.274 7334.835 0.000 0.000 0.000 999999262156040962048.000
646958.507 449055.081 682531.503 0.000 0.000 0.000 999998223573070512128.000
73749.769 388910.218 437855.342 0.000 0.000 0.000 1000001089182450057216.000
938155.324 960475.723 758629.771 0.000 0.000 0.000 1000000166685550051328.000
926656.612 637145.767 687932.482 0.000 0.000 0.000 1000000808265172779008.000
100183.464 169065.061 595735.084 0.000 0.000 0.000 999999485955546415104.000
659435.835 47710.833 599651.241 0.000 0.000 0.000 1000001911233450475520.000
767125.816 899093.812 281148.301 0.000 0.000 0.000 1000001587275191418880.000
389364.491 430866.615 551126.636 0.000 0.000 0.000 999999897877824536576.000
875851.695 559351.924 544583.039 0.000 0.000 0.000 1000001605396926824448.000
920206.207 354355.765 558841.601 0.000 0.000 0.000 1000000219057839407104.000
950280.503 275832.021 778641.897 0.000 0.000 0.000 1000001692844382617600.000
437725.515 269038.844 22610.902 0.000 0.000 0.000 999999387281885757440.000
939579.159 835022.434 800158.529 0.000 0.000 0.000 999999877796415930368.000
558181.401 117957.921 672111.657 0.000 0.000 0.000 1000000774493944020992.000
147753.470 50267.314 242018.581 0.000 0.000 0.000 1000000590273889959936.000
881693.077 271197.922 311822.121 0.000 0.000 0.000 1000000991761557094400.000
266679.177 196809.681 907563.307 0.000 0.000 0.000 1000001291538259509248.000
110158.830 764871.036 657319.750 0.000 0.000 0.000 1000000382678734864384.000
723015.041 626045.298 52972.985 0.000 0.000 0.000 999999790513467162624.000
353659.107 427653.850 455762.722 0.000 0.000 0.000 999998426399815106560.000
702112.354 145487.187 315948.624 0.000 0.000 0.000 1000000248566553509888.000
48996.540 843896.386 50526.824 0.000 0.000 0.000 999999296623488401408.000
502472.239 245599.868 976930.093 0.000 0.000 0.000 999999323569967595520.000
153145.691 368887.918 695493.476 0.000 0.000 0.000 1000000632646980206592.000
940492.381 162538.890 851446.743 0.000 0.000 0.000 999999988340420378624.000
629657.056 674175.910 142482.110 0.000 0.000 0.000 999999498515780206592.000
934820.515 464834.542 406341.877 0.000 0.000 0.000 999999751495363198976.000
621087.486 256939.559 14149.925 0.000 0.000 0.000 999999494857617178624.000
779534.597 908064.242 810448.000 0.000 0.000 0.000 1000000118806856335360.000
550123.275 350645.344 97563.177 0.000 0.000 0.000 1000001035732585807872.000
947059.583 284978.544 855637.381 0.000 0.000 0.000 1000000413081301417984.000
958016.241 556120.312 629710.804 0.000 0.000 0.000 1000001688744200896512.000
595869.791 969693.168 861845.485 0.000 0.000 0.000 1000000237934735261696.000
323033.774 827780.503 92166.723 0.000 0.000 0.000 1000001276928526123008.000
425379.268 654148.443 914570.724 0.000 0.000 0.000 1000000788507299151872.000
403022.404 452232.153 821806.465 0.000 0.000 0.000 999999596677598674944.000
600666.157 114881.689 410508.663 0.000 0.000 0.000 1000000637539453763584.000
259096.755 391717.459 500283.918 0.000 0.000 0.000 1000001129238760128512.000
787830.787 383149.708 157292.140 0.000 0.000 0.000 999999979690411556864.000
339005.368 681813.387 901326.650 0.000 0.000 0.000 999997709524951498752.000
606333.707 324738.714 253120.300 0.000 0.000 0.000 1000000428986578501632.000
216171.822 572926.437 262715.621 0.000 0.000 0.000 999997602230669672448.000
948071.527 398378.600 113057.974 0.000 0.000 0.000 999999954399495323648.000
853821.917 409244.267 662076.568 0.000 0.000 0.000 1000000150630528188416.000
477407.807 72854.791 680254.405 0.000 0.000 0.000 999999599257314394112.000
514173.630 460993.099 813699.101 0.000 0.000 0.000 999998364596591132672.000
20124.508 819107.813 332023.437 0.000 0.000 0.000 1000001093626376486912.000
563388.534 194022.807 784939.726 0.000 0.000 0.000 999999572185636012032.000
936724.312 798368.461 869532.573 0.000 0.000 0.000 1000000029987984375808.000
187643.792 212117.884 922001.425 0.000 0.000 0.000 999999006791424802816.000
542806.921 249961.393 395705.092 0.000 0.000 0.000 1000001297075478200320.000
206998.853 374253.955 572579.910 0.000 0.000 0.000 1000000855632732487680.000
131709.576 881535.245 23962.043 0.000 0.000 0.000 1000001346219763433472.000
152618.033 631804.307 837412.913 0.000 0.000 0.000 1000001642916862754816.000
680534.897 798392.978 626624.921 0.000 0.000 0.000 999999444050771574784.000
724167.804 866077.423 459717.295 0.000 0.000 0.000 1000000205122334359552.000
726090.990 603961.370 525088.921 0.000 0.000 0.000 1000000344012381880320.000
516798.201 819408.574 499360.479 0.000 0.000 0.000 1000001632734543740928.000
100247.288 419224.494 59163.001 0.000 0.000 0.000 999999202038017687552.000
288005.945 310963.952 731765.651 0.000 0.000 0.000 1000000990311261405184.000
539120.525 4166.974 843648.811 0.000 0.000 0.000 1000001176604427419648.000
65519.643 944579.362 621643.097 0.000 0.000 0.000 1000000925073138384896.000
684624.973 208988.115 918592.617 0.000 0.000 0.000 1000000927203780198400.000
299755.789 713743.599 828698.358 0.000 0.000 0.000 999999213381982093312.000
749936.342 546013.482 431993.197 0.000 0.000 0.000 999999764943135703040.000
127670.426 127755.552 887168.863 0.000 0.000 0.000 999999957159617495040.000
996001.443 466152.850 463733.816 0.000 0.000 0.000 1000000455616240943104.000
240740.956 721908.536 353597.976 0.000 0.000 0.000 1000000059366660505600.000
101709.388 756505.431 478398.835 0.000 0.000 0.000 999999960265402482688.000
10792.121 596096.780 955787.427 0.000 0.000 0.000 1000000114682210811904.000
155412.222 816335.197 178666.610 0.000 0.000 0.000 1000000539253849325568.000
233203.588 857586.142 683229.194 0.000 0.000 0.000 999999339173131190272.000
863026.961 458792.453 68812.041 0.000 0.000 0.000 999998380612011032576.000
474108.792 598336.272 315994.593 0.000 0.000 0.000 999999457584790372352.000
662729.682 93362.950 165638.499 0.000 0.000 0.000 999999509976101421056.000
62325.819 583941.782 603365.560 0.000 0.000 0.000 1000001181363121684480.000
70735.766 954724.894 39442.481 0.000 0.000 0.000 1000000032823611359232.000
352871.088 677820.084 602961.823 0.000 0.000 0.000 1000000807766137765888.000
263437.676 787318.745 815141.218 0.000 0.000 0.000 999999137142348185600.000
678054.345 18708.221 794400.824 0.000 0.000 0.000 1000000542693183586304.000
346040.127 37156.490 696655.252 0.000 0.000 0.000 999999152945039278080.000
310969.559 695511.395 941327.204 0.000 0.000 0.000 999998775401054994432.000
328347.011 294211.910 917957.752 0.000 0.000 0.000 999999200610314616832.000
419182.791 206785.796 891792.854 0.000 0.000 0.000 1000000341382677921792.000
22964.147 97403.168 179663.366 0.000 0.000 0.000 1000003106657881686016.000
742667.536 400646.287 721365.073 0.000 0.000 0.000 999998818431493341184.000
477615.532 648457.877 561472.148 0.000 0.000 0.000 1000000020425989423104.000
240666.886 679449.376 85138.594 0.000 0.000 0.000 1000000274887095877632.000
102316.725 177970.821 558863.844 0.000 0.000 0.000 999999701268532428800.000
345478.058 913558.835 432015.394 0.000 0.000 0.000 1000000068415611731968.000
177178.876 891205.352 91647.945 0.000 0.000 0.000 999999818553420677120.000
991277.163 982857.585 288806.012 0.000 0.000 0.000 999999363924796768256.000
861109.297 735596.865 347461.046 0.000 0.000 0.000 999999432451187802112.000
853285.468 501125.519 396332.551 0.000 0.000 0.000 999999120886211674112.000
877985.578 682900.433 758578.531 0.000 0.000 0.000 999998864091749154816.000
647207.770 317167.506 393905.427 0.000 0.000 0.000 1000000692887120379904.000
833932.334 171797.829 152461.673 0.000 0.000 0.000 999999908616252948480.000
765084.637 401678.637 843263.782 0.000 0.000 0.000 999998986899027918848.000
646706.246 657395.857 331403.899 0.000 0.000 0.000 1000000565179008811008.000
631411.780 665605.590 29215.753 0.000 0.000 0.000 1000001017411596845056.000
580649.758 514559.699 71906.177 0.000 0.000 0.000 999999158043628535808.000
740859.414 120537.002 794578.588 0.000 0.000 0.000 999998842623023906816.000
226770.476 39630.221 462091.119 0.000 0.000 0.000 1000000155222876618752.000
75467.351 431183.974 632641.781 0.000 0.000 0.000 1000001129606804275200.000
79502.861 91254.960 990845.444 0.000 0.000 0.000 999999352199062618112.000
138809.703 300430.230 204968.188 0.000 0.000 0.000 999999611532264865792.000
224658.856 61131.423 625440.392 0.000 0.000 0.000 1000000053790544887808.000
522984.224 442531.858 254825.495 0.000 0.000 0.000 1000000914074983333888.000
681982.281 896578.171 403581.819 0.000 0.000 0.000 999999789605023907840.000
368307.427 915810.059 422225.890 0.000 0.000 0.000 1000000238495937462272.000
639642.750 873192.728 851026.210 0.000 0.000 0.000 999999800805437734912.000
235403.226 422268.286 909164.457 0.000 0.000 0.000 1000001464182700900352.000
68590.677 572741.637 165250.807 0.000 0.000 0.000 1000000752201557344256.000
437279.502 499610.138 413013.918 0.000 0.000 0.000 1000001685875804078080.000
580100.129 205065.006 975665.660 0.000 0.000 0.000 999998019353038684160.000
145459.927 585405.232 454572.507 0.000 0.000 0.000 999999849750252879872.000
465108.104 134628.297 441559.362 0.000 0.000 0.000 999999743651261972480.000
113356.447 689318.606 525219.645 0.000 0.000 0.000 999999376689156325376.000
83725.507 801271.939 890572.019 0.000 0.000 0.000 999998886854223069184.000
557123.999 70284.208 498748.120 0.000 0.000 0.000 1000000802579826606080.000
2842.711 38605.601 69152.980 0.000 0.000 0.000 1000000563497956016128.000
387781.212 137708.862 8509.971 0.000 0.000 0.000 999999270253691404288.000
822773.307 835069.650 301077.625 0.000 0.000 0.000 1000000140546077622272.000
983826.317 975101.341 926737.721 0.000 0.000 0.000 999999649495594303488.000
479860.569 89027.125 618402.260 0.000 0.000 0.000 999999396046628716544.000
764339.472 402870.110 865020.847 0.000 0.000 0.000 1000001055416903794688.000
948161.826 35450.285 297196.068 0.000 0.000 0.000 999999670088480849920.000
389988.594 835880.435 269832.686 0.000 0.000 0.000 999999280032988921856.000
62517.264 638806.719 355548.553 0.000 0.000 0.000 999999864079917907968.000
866245.548 182404.138 315129.650 0.000 0.000 0.000 999999615810244706304.000
551526.897 146290.096 306267.519 0.000 0.000 0.000 1000001341420509200384.000
825780.289 421897.316 33022.472 0.000 0.000 0.000 999999092811027841024.000
583560.368 162239.781 535989.046 0.000 0.000 0.000 1000000821649401184256.000
329474.202 849723.532 268555.480 0.000 0.000 0.000 1000000332103486406656.000
665872.982 291244.128 715115.859 0.000 0.000 0.000 1000000084849056808960.000
358062.297 646657.160 376524.667 0.000 0.000 0.000 1000002539517261774848.000
113036.447 860547.674 81901.029 0.000 0.000 0.000 1000000470271260491776.000
480579.173 863150.617 311811.651 0.000 0.000 0.000 999999738602336157696.000
894102.203 873685.516 314947.346 0.000 0.000 0.000 999996589382595248128.000
18473.075 593606.868 771936.403 0.000 0.000 0.000 1000001249701645910016.000
65430.940 195226.414 59712.531 0.000 0.000 0.000 1000000395762691604480.000
232853.204 161220.670 69689.574 0.000 0.000 0.000 1000000825771316477952.000
592640.357 914883.025 659570.191 0.000 0.000 0.000 1000000026212523835392.000
962348.088 457118.889 35430.697 0.000 0.000 0.000 1000000746620371468288.000
688619.859 698547.487 266262.510 0.000 0.000 0.000 1000000516751555952640.000
234776.583 851026.597 457815.140 0.000 0.000 0.000 999999994685778952192.000
263534.777 926807.791 284256.893 0.000 0.000 0.000 999999316722030477312.000
661985.842 159940.205 392665.756 0.000 0.000 0.000 1000000790726540787712.000
673884.789 372956.247 188676.485 0.000 0.000 0.000 999999603654398574592.000
811246.080 482940.561 789480.837 0.000 0.000 0.000 1000000499876939825152.000
880595.876 302573.782 191653.122 0.000 0.000 0.000 1000000295928682774528.000
380020.018 48269.084 3283.745 0.000 0.000 0.000 1000000316378668072960.000
855062.296 27022.088 390685.193 0.000 0.000 0.000 1000000162747059666944.000
935153.875 565084.199 246827.143 0.000 0.000 0.000 1000000592299665391616.000
726791.304 945181.349 633393.927 0.000 0.000 0.000 1000000182711266312192.000
710128.663 247084.439 717060.934 0.000 0.000 0.000 1000001383882359701504.000
949087.484 770072.259 608290.722 0.000 0.000 0.000 1000000057772915687424.000
201075.040 560752.765 624678.314 0.000 0.000 0.000 999999200040396390400.000
787064.967 195041.043 232985.140 0.000 0.000 0.000 1000002061271927619584.000
844972.245 455066.576 77300.158 0.000 0.000 0.000 1000001635233316995072.000
199328.209 698185.358 956700.030 0.000 0.000 0.000 1000000556758488449024.000
67416.881 887411.669 780017.729 0.000 0.000 0.000 1000001210862691680256.000
887927.767 573161.839 237237.455 0.000 0.000 0.000 999998592441801768960.000
101653.246 291214.347 546803.557 0.000 0.000 0.000 999999562096571711488.000
397744.753 269360.047 197868.601 0.000 0.000 0.000 999999880507292647424.000
93481.719 702668.890 522854.755 0.000 0.000 0.000 1000000696928380649472.000
182051.352 417559.442 340918.196 0.000 0.000 0.000 1000000270147819012096.000
257175.569 198175.704 948274.373 0.000 0.000 0.000 999999743436934742016.000
473776.928 52073.986 676709.393 0.000 0.000 0.000 1000000585283219881984.000
411881.593 570901.336 100263.892 0.000 0.000 0.000 1000004340794979254272.000
651957.238 848917.652 777615.860 0.000 0.000 0.000 999998150103359946752.000
243164.354 482133.799 820919.557 0.000 0.000 0.000 1000000017626618003456.000
439105.617 284609.297 880748.490 0.000 0.000 0.000 999998937247826444288.000
175281.351 37354.714 984128.674 0.000 0.000 0.000 1000000165712264691712.000
609734.391 388784.430 70440.963 0.000 0.000 0.000 1000000097148453912576.000
95101.332 918032.368 818147.236 0.000 0.000 0.000 1000000651950240825344.000
698819.934 465777.698 304949.795 0.000 0.000 0.000 1000000449556127809536.000
512214.871 310532.499 855031.681 0.000 0.000 0.000 999999416812849594368.000
728670.335 179681.610 609557.490 0.000 0.000 0.000 999998301856584957952.000
184939.131 254501.948 203728.039 0.000 0.000 0.000 999999898157253394432.000
806176.669 254924.487 953617.895 0.000 0.000 0.000 999998195457968308224.000
214604.290 143130.547 330047.384 0.000 0.000 0.000 1000000038095164538880.000
960363.062 37828.765 831940.708 0.000 0.000 0.000 999999610450966085632.000
210282.380 13324.434 566009.433 0.000 0.000 0.000 999999893473081032704.000
252723.245 424216.873 657669.595 0.000 0.000 0.000 999998737960349859840.000
691831.521 392987.045 488547.689 0.000 0.000 0.000 999998860029782786048.000
841325.313 510200.698 877351.412 0.000 0.000 0.000 999998222736765222912.000
953738.573 278128.728 244962.765 0.000 0.000 0.000 999998803746990063616.000
494705.976 954793.532 57396.011 0.000 0.000 0.000 999998971117778501632.000
313002.528 629140.568 977854.404 0.000 0.000 0.000 999998602215492288512.000
970394.746 341864.607 818525.477 0.000 0.000 0.000 999999465228491685888.000
593867.437 18554.155 90622.655 0.000 0.000 0.000 999999849335829430272.000
